nr: mean_lat, mean_lon; median_lat; median_lon; var_lat, var_lon
1: 50.926,	     13.33138;		 50.926,	 13.33138
2: 50.92605,	 13.33178;		 50.92604,	 13.33178
3: 50.92566,	 13.33236;		 50.92566,	 13.33234
4: 50.92548,	 13.33212;		 50.92548,	 13.33212
5: 50.92542,	 13.33243;		 50.92541,	 13.33245
6: 50.92535,	 13.33198;		 50.92535,	 13.33198
7: 50.92514,	 13.3317;		 50.92513,	 13.33169
8: 50.92529,	 13.33129;		 50.92529,	 13.33129
9: 50.92506,	 13.33084;		 50.92506,	 13.33083
10: 50.92466,	 13.33128;		 50.92466,	 13.33128
11: 50.92448,	 13.33113;		 50.92448,	 13.33113
12: 50.92441,	 13.33083;		 50.92441,	 13.33083
13: 50.92432,	 13.33073;		 50.92432,	 13.33073
14: 50.92414,	 13.33055;		 50.92414,	 13.33055
15: 50.92395,	 13.33119;		 50.92395,	 13.33118
16: 50.92386,	 13.3316;		 50.92386,	 13.3316
17: 50.9244,	 13.32976;		 50.92441,	 13.32976
18: 50.92451,	 13.32933;		 50.92451,	 13.32933
19: 50.92418,	 13.32911;		 50.92417,	 13.32911
20: 50.92461,	 13.32932;		 50.92461,	 13.32932
21: 50.9248,	 13.32926;		 50.9248,	 13.32925
22: 50.92492,	 13.329;		 50.92492,	 13.329
23: 50.92476,	 13.32806;		 50.92476,	 13.32806
24: 50.92504,	 13.32793;		 50.92504,	 13.32793
25: 50.9248,	 13.32981;		 50.9248,	 13.3298
