lat,lon
5125.23880,01323.43260
5125.23878,01323.43260
5125.23881,01323.43263
5125.23882,01323.43263
5125.23883,01323.43263
5125.23881,01323.43264
5125.23876,01323.43266
5125.23874,01323.43265
5125.23876,01323.43267
5125.23872,01323.43264
5125.23861,01323.43257
5125.23856,01323.43255
5125.23857,01323.43253
5125.23855,01323.43250
5125.23852,01323.43249
5125.23853,01323.43250
5125.23855,01323.43251
5125.23858,01323.43253
5125.23851,01323.43250
5125.23849,01323.43250
5125.23849,01323.43254
5125.23848,01323.43257
5125.23846,01323.43254
5125.23845,01323.43249
5125.23844,01323.43247
5125.23842,01323.43245
5125.23840,01323.43242
5125.23838,01323.43239
5125.23835,01323.43236
5125.23831,01323.43231
5125.23828,01323.43227
5125.23827,01323.43226
5125.23823,01323.43224
5125.23821,01323.43225
5125.23822,01323.43226
5125.23823,01323.43227
5125.23819,01323.43231
5125.23821,01323.43235
5125.23821,01323.43235
5125.23822,01323.43234
5125.23825,01323.43233
5125.23831,01323.43234
5125.23838,01323.43237
5125.23836,01323.43237
5125.23835,01323.43238
5125.23834,01323.43241
5125.23839,01323.43242
5125.23839,01323.43242
5125.23838,01323.43243
5125.23840,01323.43244
5125.23847,01323.43249
5125.23850,01323.43247
5125.23853,01323.43246
5125.23858,01323.43247
5125.23863,01323.43247
5125.23869,01323.43246
5125.23875,01323.43243
5125.23881,01323.43240
5125.23886,01323.43237
5125.23890,01323.43231
5125.23893,01323.43225
5125.23898,01323.43222
5125.23904,01323.43219
5125.23909,01323.43216
5125.23914,01323.43217
5125.23918,01323.43214
5125.23922,01323.43211
5125.23924,01323.43206
5125.23930,01323.43207
5125.23936,01323.43209
5125.23934,01323.43204
5125.23931,01323.43202
5125.23929,01323.43201
5125.23931,01323.43200
5125.23934,01323.43201
5125.23934,01323.43201
5125.23932,01323.43204
5125.23926,01323.43202
5125.23923,01323.43202
5125.23922,01323.43201
5125.23919,01323.43202
5125.23916,01323.43197
5125.23913,01323.43197
5125.23908,01323.43198
5125.23904,01323.43197
5125.23901,01323.43194
5125.23897,01323.43194
5125.23894,01323.43192
5125.23893,01323.43190
5125.23891,01323.43191
5125.23889,01323.43190
5125.23889,01323.43192
5125.23887,01323.43191
5125.23887,01323.43192
5125.23886,01323.43193
5125.23888,01323.43193
5125.23889,01323.43195
5125.23890,01323.43197
5125.23890,01323.43198
5125.23890,01323.43199
5125.23892,01323.43201
5125.23893,01323.43202
5125.23896,01323.43206
5125.23898,01323.43209
5125.23899,01323.43210
5125.23900,01323.43212
5125.23901,01323.43215
5125.23902,01323.43218
5125.23902,01323.43219
5125.23903,01323.43221
5125.23905,01323.43225
5125.23906,01323.43225
5125.23907,01323.43227
5125.23906,01323.43228
5125.23907,01323.43235
5125.23911,01323.43241
5125.23913,01323.43247
5125.23914,01323.43253
5125.23915,01323.43257
5125.23916,01323.43260
5125.23917,01323.43266
5125.23917,01323.43269
5125.23917,01323.43273
5125.23918,01323.43277
5125.23918,01323.43285
5125.23920,01323.43287
5125.23921,01323.43292
5125.23922,01323.43296
5125.23922,01323.43299
5125.23921,01323.43300
5125.23922,01323.43301
5125.23922,01323.43304
5125.23921,01323.43307
5125.23920,01323.43308
5125.23919,01323.43309
5125.23917,01323.43309
5125.23914,01323.43312
5125.23912,01323.43313
5125.23911,01323.43314
5125.23908,01323.43314
5125.23907,01323.43316
5125.23907,01323.43319
5125.23905,01323.43324
5125.23899,01323.43321
5125.23895,01323.43319
5125.23893,01323.43320
5125.23894,01323.43319
5125.23894,01323.43319
5125.23895,01323.43325
5125.23895,01323.43332
5125.23892,01323.43336
5125.23889,01323.43334
5125.23884,01323.43329
5125.23878,01323.43330
5125.23872,01323.43328
5125.23867,01323.43329
5125.23860,01323.43327
5125.23854,01323.43329
5125.23851,01323.43331
5125.23846,01323.43333
5125.23841,01323.43333
5125.23837,01323.43334
5125.23835,01323.43337
5125.23832,01323.43339
5125.23830,01323.43341
5125.23830,01323.43339
5125.23827,01323.43339
5125.23822,01323.43339
5125.23820,01323.43338
5125.23818,01323.43338
5125.23815,01323.43341
5125.23814,01323.43343
5125.23814,01323.43345
5125.23815,01323.43347
5125.23813,01323.43348
5125.23811,01323.43345
5125.23809,01323.43345
5125.23810,01323.43344
5125.23811,01323.43344
5125.23812,01323.43348
5125.23812,01323.43351
5125.23814,01323.43348
5125.23817,01323.43351
5125.23821,01323.43354
5125.23822,01323.43355
5125.23823,01323.43357
5125.23822,01323.43359
5125.23822,01323.43365
5125.23822,01323.43367
5125.23824,01323.43370
5125.23826,01323.43377
5125.23829,01323.43385
5125.23833,01323.43390
5125.23834,01323.43387
5125.23838,01323.43387
5125.23840,01323.43387
5125.23840,01323.43386
5125.23838,01323.43386
5125.23832,01323.43392
5125.23831,01323.43401
5125.23831,01323.43403
5125.23832,01323.43408
5125.23834,01323.43409
5125.23836,01323.43415
5125.23837,01323.43415
5125.23838,01323.43417
5125.23840,01323.43423
5125.23840,01323.43424
5125.23841,01323.43426
5125.23842,01323.43426
5125.23843,01323.43431
5125.23844,01323.43435
5125.23846,01323.43435
5125.23848,01323.43434
5125.23845,01323.43432
5125.23844,01323.43436
5125.23844,01323.43439
5125.23846,01323.43438
5125.23848,01323.43433
5125.23849,01323.43435
5125.23848,01323.43437
5125.23852,01323.43440
5125.23852,01323.43444
5125.23852,01323.43448
5125.23852,01323.43448
5125.23853,01323.43451
5125.23854,01323.43450
5125.23853,01323.43447
5125.23851,01323.43447
5125.23848,01323.43446
5125.23843,01323.43441
5125.23841,01323.43433
5125.23839,01323.43426
5125.23836,01323.43419
5125.23834,01323.43414
5125.23831,01323.43412
5125.23829,01323.43413
5125.23829,01323.43412
5125.23832,01323.43411
5125.23832,01323.43414
5125.23830,01323.43411
5125.23827,01323.43409
5125.23826,01323.43414
5125.23826,01323.43414
5125.23821,01323.43413
5125.23815,01323.43412
5125.23814,01323.43410
5125.23814,01323.43408
5125.23813,01323.43405
5125.23814,01323.43403
5125.23817,01323.43405
5125.23819,01323.43399
5125.23821,01323.43396
5125.23823,01323.43393
5125.23825,01323.43388
5125.23827,01323.43389
5125.23830,01323.43385
5125.23831,01323.43381
5125.23831,01323.43376
5125.23831,01323.43373
5125.23834,01323.43361
5125.23836,01323.43355
5125.23838,01323.43352
5125.23842,01323.43348
5125.23844,01323.43338
5125.23845,01323.43332
5125.23844,01323.43325
5125.23844,01323.43321
5125.23845,01323.43318
5125.23844,01323.43313
5125.23843,01323.43309
5125.23842,01323.43303
5125.23842,01323.43298
5125.23839,01323.43294
5125.23839,01323.43291
5125.23840,01323.43281
5125.23841,01323.43277
5125.23844,01323.43267
5125.23843,01323.43257
5125.23843,01323.43245
5125.23842,01323.43238
5125.23842,01323.43236
5125.23842,01323.43236
5125.23843,01323.43227
5125.23845,01323.43220
5125.23845,01323.43211
5125.23845,01323.43203
5125.23845,01323.43194
5125.23846,01323.43184
5125.23845,01323.43179
5125.23843,01323.43176
5125.23841,01323.43173
5125.23838,01323.43173
5125.23836,01323.43174
5125.23835,01323.43176
5125.23833,01323.43178
5125.23830,01323.43180
5125.23828,01323.43179
5125.23826,01323.43180
5125.23825,01323.43182
5125.23825,01323.43181
5125.23824,01323.43181
5125.23823,01323.43181
5125.23822,01323.43183
5125.23820,01323.43186
5125.23818,01323.43188
5125.23817,01323.43192
5125.23816,01323.43198
5125.23814,01323.43201
5125.23812,01323.43208
5125.23812,01323.43207
5125.23811,01323.43211
5125.23812,01323.43216
5125.23811,01323.43219
5125.23810,01323.43222
5125.23807,01323.43226
5125.23804,01323.43229
5125.23800,01323.43230
5125.23797,01323.43220
5125.23794,01323.43217
5125.23790,01323.43209
5125.23789,01323.43204
5125.23787,01323.43203
5125.23786,01323.43201
5125.23785,01323.43197
5125.23784,01323.43190
5125.23782,01323.43182
5125.23777,01323.43184
5125.23774,01323.43185
5125.23772,01323.43178
5125.23772,01323.43169
5125.23772,01323.43163
5125.23771,01323.43158
5125.23771,01323.43149
5125.23774,01323.43145
5125.23774,01323.43138
5125.23774,01323.43137
5125.23772,01323.43128
5125.23771,01323.43120
5125.23769,01323.43124
5125.23767,01323.43120
5125.23765,01323.43112
5125.23764,01323.43105
5125.23764,01323.43104
5125.23763,01323.43104
5125.23763,01323.43103
5125.23763,01323.43102
5125.23765,01323.43102
5125.23764,01323.43102
5125.23765,01323.43108
5125.23767,01323.43112
5125.23766,01323.43112
5125.23767,01323.43114
5125.23769,01323.43113
5125.23769,01323.43115
5125.23771,01323.43112
5125.23774,01323.43105
5125.23778,01323.43106
5125.23781,01323.43102
5125.23784,01323.43097
5125.23788,01323.43095
5125.23791,01323.43092
5125.23795,01323.43090
5125.23796,01323.43084
5125.23796,01323.43074
5125.23798,01323.43064
5125.23801,01323.43062
5125.23805,01323.43065
5125.23805,01323.43062
5125.23808,01323.43063
5125.23808,01323.43059
5125.23810,01323.43060
5125.23813,01323.43060
5125.23817,01323.43066
5125.23823,01323.43068
5125.23824,01323.43073
5125.23827,01323.43078
5125.23831,01323.43080
5125.23836,01323.43083
5125.23842,01323.43088
5125.23847,01323.43093
5125.23852,01323.43106
5125.23856,01323.43119
5125.23859,01323.43130
5125.23863,01323.43138
5125.23867,01323.43148
5125.23872,01323.43152
5125.23877,01323.43156
5125.23879,01323.43164
5125.23880,01323.43170
5125.23880,01323.43177
5125.23879,01323.43181
5125.23879,01323.43188
5125.23879,01323.43194
5125.23878,01323.43203
5125.23875,01323.43211
5125.23873,01323.43217
5125.23872,01323.43222
5125.23870,01323.43232
5125.23869,01323.43236
5125.23868,01323.43239
5125.23866,01323.43245
5125.23863,01323.43248
5125.23859,01323.43246
5125.23858,01323.43245
5125.23856,01323.43246
5125.23855,01323.43242
5125.23856,01323.43238
5125.23857,01323.43239
5125.23858,01323.43241
5125.23857,01323.43239
5125.23857,01323.43238
5125.23856,01323.43240
5125.23857,01323.43238
5125.23858,01323.43235
5125.23859,01323.43238
5125.23859,01323.43236
5125.23861,01323.43236
5125.23858,01323.43236
5125.23858,01323.43236
5125.23862,01323.43234
5125.23865,01323.43233
5125.23867,01323.43233
5125.23869,01323.43233
5125.23871,01323.43235
5125.23872,01323.43234
5125.23874,01323.43237
5125.23874,01323.43241
5125.23876,01323.43247
5125.23877,01323.43251
5125.23877,01323.43255
5125.23877,01323.43257
5125.23879,01323.43261
5125.23878,01323.43266
5125.23877,01323.43270
5125.23877,01323.43275
5125.23876,01323.43276
5125.23877,01323.43279
5125.23877,01323.43283
5125.23878,01323.43287
5125.23879,01323.43291
5125.23878,01323.43295
5125.23878,01323.43297
5125.23878,01323.43300
5125.23878,01323.43302
5125.23880,01323.43308
5125.23882,01323.43311
5125.23880,01323.43311
5125.23880,01323.43309
5125.23879,01323.43307
5125.23878,01323.43307
5125.23878,01323.43310
5125.23878,01323.43309
5125.23878,01323.43306
5125.23879,01323.43306
5125.23879,01323.43308
5125.23877,01323.43309
5125.23875,01323.43312
5125.23873,01323.43314
5125.23869,01323.43322
5125.23867,01323.43328
5125.23866,01323.43337
5125.23863,01323.43338
5125.23860,01323.43337
5125.23858,01323.43344
5125.23857,01323.43348
5125.23855,01323.43351
5125.23852,01323.43350
5125.23851,01323.43354
5125.23849,01323.43355
5125.23848,01323.43353
5125.23846,01323.43353
5125.23845,01323.43352
5125.23846,01323.43358
5125.23843,01323.43358
5125.23842,01323.43355
5125.23841,01323.43353
5125.23840,01323.43350
5125.23839,01323.43350
5125.23838,01323.43348
5125.23837,01323.43345
5125.23837,01323.43343
5125.23838,01323.43339
5125.23840,01323.43333
5125.23842,01323.43326
5125.23845,01323.43320
5125.23846,01323.43316
5125.23846,01323.43313
5125.23847,01323.43311
5125.23847,01323.43307
5125.23848,01323.43303
5125.23849,01323.43299
5125.23851,01323.43297
5125.23851,01323.43293
5125.23853,01323.43290
5125.23853,01323.43282
5125.23855,01323.43274
5125.23855,01323.43267
5125.23856,01323.43259
5125.23858,01323.43251
5125.23858,01323.43247
5125.23857,01323.43243
5125.23857,01323.43239
5125.23857,01323.43236
5125.23857,01323.43234
5125.23855,01323.43231
5125.23855,01323.43230
5125.23852,01323.43227
5125.23853,01323.43227
5125.23848,01323.43222
5125.23844,01323.43219
5125.23836,01323.43210
5125.23836,01323.43212
5125.23833,01323.43216
5125.23829,01323.43217
5125.23826,01323.43221
5125.23820,01323.43216
5125.23818,01323.43215
5125.23815,01323.43213
5125.23812,01323.43216
5125.23814,01323.43229
5125.23805,01323.43228
5125.23806,01323.43233
5125.23808,01323.43238
5125.23814,01323.43242
5125.23813,01323.43242
5125.23812,01323.43238
5125.23812,01323.43236
5125.23810,01323.43231
5125.23809,01323.43226
5125.23805,01323.43218
5125.23807,01323.43214
5125.23806,01323.43207
5125.23806,01323.43200
5125.23804,01323.43194
5125.23800,01323.43183
5125.23793,01323.43166
5125.23790,01323.43157
5125.23784,01323.43144
5125.23781,01323.43133
5125.23776,01323.43122
5125.23774,01323.43117
5125.23771,01323.43112
5125.23768,01323.43109
5125.23764,01323.43104
5125.23763,01323.43104
5125.23763,01323.43105
5125.23758,01323.43101
5125.23755,01323.43094
5125.23751,01323.43087
5125.23749,01323.43088
5125.23748,01323.43085
5125.23743,01323.43078
5125.23740,01323.43070
5125.23738,01323.43065
5125.23735,01323.43059
5125.23734,01323.43054
5125.23733,01323.43050
5125.23735,01323.43048
5125.23737,01323.43046
5125.23737,01323.43044
5125.23735,01323.43035
5125.23734,01323.43026
5125.23736,01323.43025
5125.23741,01323.43028
5125.23740,01323.43025
5125.23742,01323.43027
5125.23738,01323.43022
5125.23737,01323.43017
5125.23739,01323.43015
5125.23739,01323.43008
5125.23739,01323.43004
5125.23739,01323.42999
5125.23738,01323.42995
5125.23738,01323.42993
5125.23739,01323.42995
5125.23738,01323.42993
5125.23739,01323.42994
5125.23741,01323.42995
5125.23744,01323.42997
5125.23747,01323.42999
5125.23751,01323.43005
5125.23752,01323.43006
5125.23754,01323.43000
5125.23757,01323.43000
5125.23759,01323.43002
5125.23760,01323.43002
5125.23761,01323.43001
5125.23762,01323.43001
5125.23764,01323.43001
5125.23768,01323.43003
5125.23772,01323.43007
5125.23774,01323.43004
5125.23776,01323.43006
5125.23780,01323.43009
5125.23783,01323.43013
5125.23785,01323.43019
5125.23788,01323.43026
5125.23790,01323.43024
5125.23793,01323.43024
5125.23795,01323.43016
5125.23798,01323.43015
5125.23800,01323.43017
5125.23803,01323.43019
5125.23805,01323.43019
5125.23807,01323.43019
5125.23807,01323.43018
5125.23808,01323.43020
5125.23807,01323.43019
5125.23809,01323.43021
5125.23812,01323.43018
5125.23813,01323.43014
5125.23814,01323.43016
5125.23815,01323.43010
5125.23816,01323.43006
5125.23815,01323.43002
5125.23815,01323.43000
5125.23816,01323.42997
5125.23814,01323.43001
5125.23813,01323.43002
5125.23811,01323.43000
5125.23810,01323.42999
5125.23809,01323.42994
5125.23808,01323.42991
5125.23808,01323.42994
5125.23808,01323.42993
5125.23808,01323.42999
5125.23808,01323.43004
5125.23807,01323.43005
5125.23807,01323.43009
5125.23807,01323.43014
5125.23807,01323.43018
5125.23805,01323.43024
5125.23801,01323.43028
5125.23800,01323.43037
5125.23798,01323.43043
5125.23796,01323.43051
5125.23794,01323.43057
5125.23795,01323.43064
5125.23794,01323.43068
5125.23793,01323.43075
5125.23793,01323.43082
5125.23794,01323.43088
5125.23792,01323.43097
5125.23790,01323.43105
5125.23788,01323.43109
5125.23786,01323.43112
5125.23786,01323.43118
5125.23786,01323.43123
5125.23785,01323.43129
5125.23784,01323.43133
5125.23783,01323.43134
5125.23781,01323.43137
5125.23779,01323.43140
5125.23779,01323.43144
5125.23779,01323.43145
5125.23778,01323.43145
5125.23777,01323.43147
5125.23775,01323.43149
5125.23775,01323.43151
5125.23775,01323.43157
5125.23775,01323.43161
5125.23775,01323.43164
5125.23775,01323.43168
5125.23775,01323.43172
5125.23775,01323.43176
5125.23776,01323.43182
5125.23776,01323.43186
5125.23776,01323.43194
5125.23776,01323.43201
5125.23777,01323.43206
5125.23777,01323.43215
5125.23775,01323.43221
5125.23772,01323.43225
5125.23769,01323.43228
5125.23766,01323.43235
5125.23763,01323.43241
5125.23760,01323.43244
5125.23757,01323.43249
5125.23755,01323.43252
5125.23753,01323.43256
5125.23751,01323.43262
5125.23751,01323.43265
5125.23749,01323.43268
5125.23748,01323.43270
5125.23747,01323.43274
5125.23747,01323.43280
5125.23744,01323.43284
5125.23741,01323.43290
5125.23738,01323.43295
5125.23735,01323.43297
5125.23733,01323.43301
5125.23730,01323.43304
5125.23731,01323.43310
5125.23732,01323.43316
5125.23736,01323.43318
5125.23737,01323.43320
5125.23738,01323.43322
5125.23740,01323.43325
5125.23738,01323.43326
5125.23737,01323.43325
5125.23736,01323.43323
5125.23732,01323.43319
5125.23729,01323.43316
5125.23728,01323.43312
5125.23727,01323.43308
5125.23726,01323.43304
5125.23725,01323.43298
5125.23723,01323.43293
5125.23722,01323.43286
5125.23719,01323.43279
5125.23718,01323.43277
5125.23715,01323.43266
5125.23713,01323.43256
5125.23712,01323.43247
5125.23709,01323.43238
5125.23709,01323.43230
5125.23707,01323.43225
5125.23707,01323.43221
5125.23706,01323.43216
5125.23705,01323.43214
5125.23705,01323.43211
5125.23706,01323.43207
5125.23708,01323.43205
5125.23709,01323.43204
5125.23709,01323.43201
5125.23709,01323.43197
5125.23712,01323.43197
5125.23712,01323.43191
5125.23709,01323.43181
5125.23706,01323.43174
5125.23704,01323.43171
5125.23699,01323.43164
5125.23693,01323.43154
5125.23688,01323.43145
5125.23683,01323.43136
5125.23675,01323.43126
5125.23669,01323.43113
5125.23665,01323.43107
5125.23661,01323.43099
5125.23658,01323.43091
5125.23655,01323.43084
5125.23652,01323.43074
5125.23650,01323.43067
5125.23649,01323.43060
5125.23645,01323.43046
5125.23642,01323.43034
5125.23639,01323.43024
5125.23641,01323.43023
5125.23642,01323.43020
5125.23645,01323.43019
5125.23647,01323.43013
5125.23649,01323.43011
5125.23650,01323.43003
5125.23653,01323.42999
5125.23656,01323.42996
5125.23657,01323.42991
5125.23658,01323.42985
5125.23659,01323.42979
5125.23661,01323.42973
5125.23662,01323.42967
5125.23661,01323.42963
5125.23659,01323.42959
5125.23656,01323.42951
5125.23653,01323.42940
5125.23651,01323.42932
5125.23649,01323.42923
5125.23646,01323.42914
5125.23643,01323.42904
5125.23641,01323.42895
5125.23639,01323.42884
5125.23637,01323.42877
5125.23634,01323.42871
5125.23631,01323.42865
5125.23631,01323.42864
5125.23629,01323.42862
5125.23631,01323.42867
5125.23632,01323.42869
5125.23631,01323.42868
5125.23628,01323.42868
5125.23629,01323.42872
5125.23631,01323.42884
5125.23633,01323.42894
5125.23635,01323.42904
5125.23636,01323.42913
5125.23639,01323.42924
5125.23644,01323.42938
5125.23643,01323.42946
5125.23643,01323.42953
5125.23643,01323.42961
5125.23643,01323.42968
5125.23643,01323.42971
5125.23643,01323.42972
5125.23644,01323.42976
5125.23644,01323.42978
5125.23643,01323.42978
5125.23642,01323.42981
5125.23642,01323.42981
5125.23642,01323.42983
5125.23648,01323.42992
5125.23656,01323.43003
5125.23663,01323.43015
5125.23669,01323.43025
5125.23675,01323.43033
5125.23682,01323.43043
5125.23688,01323.43051
5125.23691,01323.43058
5125.23697,01323.43066
5125.23702,01323.43072
5125.23706,01323.43079
5125.23710,01323.43088
5125.23714,01323.43096
5125.23719,01323.43105
5125.23722,01323.43112
5125.23725,01323.43120
5125.23729,01323.43130
5125.23731,01323.43138
5125.23734,01323.43144
5125.23736,01323.43152
5125.23737,01323.43161
5125.23739,01323.43167
5125.23741,01323.43173
5125.23743,01323.43177
5125.23746,01323.43181
5125.23748,01323.43187
5125.23751,01323.43193
5125.23754,01323.43196
5125.23755,01323.43200
5125.23758,01323.43203
5125.23760,01323.43206
5125.23761,01323.43209
5125.23763,01323.43209
5125.23764,01323.43211
5125.23767,01323.43215
5125.23770,01323.43217
5125.23774,01323.43220
5125.23777,01323.43224
5125.23780,01323.43227
5125.23783,01323.43227
5125.23786,01323.43227
5125.23789,01323.43228
5125.23792,01323.43231
5125.23794,01323.43233
5125.23796,01323.43235
5125.23799,01323.43235
5125.23801,01323.43237
5125.23803,01323.43238
5125.23804,01323.43238
5125.23804,01323.43237
5125.23804,01323.43235
5125.23805,01323.43231
5125.23805,01323.43228
5125.23804,01323.43222
5125.23804,01323.43219
5125.23803,01323.43214
5125.23802,01323.43211
5125.23801,01323.43206
5125.23801,01323.43204
5125.23800,01323.43200
5125.23798,01323.43196
5125.23794,01323.43190
5125.23792,01323.43186
5125.23789,01323.43184
5125.23785,01323.43180
5125.23783,01323.43181
5125.23782,01323.43182
5125.23780,01323.43182
5125.23778,01323.43183
5125.23777,01323.43184
5125.23775,01323.43186
5125.23776,01323.43189
5125.23776,01323.43191
5125.23777,01323.43190
5125.23777,01323.43191
5125.23776,01323.43194
5125.23775,01323.43194
5125.23774,01323.43192
5125.23773,01323.43191
5125.23773,01323.43187
5125.23773,01323.43185
5125.23771,01323.43180
5125.23770,01323.43176
5125.23770,01323.43172
5125.23770,01323.43168
5125.23771,01323.43164
5125.23773,01323.43160
5125.23775,01323.43158
5125.23776,01323.43154
5125.23776,01323.43153
5125.23777,01323.43153
5125.23779,01323.43153
5125.23781,01323.43153
5125.23783,01323.43154
5125.23783,01323.43155
5125.23784,01323.43156
5125.23785,01323.43158
5125.23786,01323.43162
5125.23787,01323.43163
5125.23787,01323.43165
5125.23787,01323.43167
5125.23787,01323.43171
5125.23787,01323.43175
5125.23786,01323.43178
5125.23786,01323.43180
5125.23785,01323.43181
5125.23783,01323.43181
5125.23781,01323.43180
5125.23781,01323.43176
5125.23779,01323.43172
5125.23779,01323.43168
5125.23777,01323.43163
5125.23776,01323.43160
5125.23776,01323.43157
5125.23776,01323.43153
5125.23776,01323.43147
5125.23777,01323.43139
5125.23777,01323.43134
5125.23777,01323.43129
5125.23778,01323.43124
5125.23778,01323.43119
5125.23777,01323.43115
5125.23776,01323.43108
5125.23777,01323.43106
5125.23777,01323.43102
5125.23777,01323.43103
5125.23778,01323.43102
5125.23779,01323.43102
5125.23782,01323.43106
5125.23784,01323.43108
5125.23786,01323.43111
5125.23788,01323.43112
5125.23789,01323.43113
5125.23791,01323.43115
5125.23792,01323.43120
5125.23794,01323.43122
5125.23794,01323.43121
5125.23794,01323.43118
5125.23794,01323.43115
5125.23792,01323.43113
5125.23791,01323.43110
5125.23789,01323.43108
5125.23788,01323.43104
5125.23786,01323.43099
5125.23784,01323.43099
5125.23782,01323.43099
5125.23780,01323.43098
5125.23781,01323.43099
5125.23781,01323.43099
5125.23781,01323.43102
5125.23782,01323.43105
5125.23782,01323.43105
5125.23783,01323.43109
5125.23782,01323.43110
5125.23780,01323.43111
5125.23780,01323.43116
5125.23780,01323.43122
5125.23780,01323.43129
5125.23780,01323.43136
5125.23780,01323.43141
5125.23778,01323.43145
5125.23779,01323.43147
5125.23779,01323.43147
5125.23778,01323.43146
5125.23778,01323.43147
5125.23779,01323.43146
5125.23780,01323.43146
5125.23781,01323.43144
5125.23781,01323.43143
5125.23780,01323.43140
5125.23779,01323.43139
5125.23780,01323.43136
5125.23783,01323.43136
5125.23784,01323.43135
5125.23785,01323.43135
5125.23785,01323.43138
5125.23786,01323.43142
5125.23786,01323.43144
5125.23788,01323.43148
5125.23791,01323.43152
5125.23793,01323.43157
5125.23794,01323.43162
5125.23795,01323.43167
5125.23797,01323.43171
5125.23798,01323.43174
5125.23799,01323.43179
5125.23801,01323.43184
5125.23802,01323.43188
5125.23803,01323.43191
5125.23804,01323.43197
5125.23804,01323.43201
5125.23804,01323.43205
5125.23806,01323.43210
5125.23808,01323.43214
5125.23808,01323.43216
5125.23808,01323.43219
5125.23807,01323.43221
5125.23806,01323.43223
5125.23803,01323.43223
5125.23800,01323.43222
5125.23797,01323.43223
