lat,lon
5125.23876,01323.42113
5125.23891,01323.42143
5125.23872,01323.42211
5125.23908,01323.42059
5125.23898,01323.42051
5125.23930,01323.42035
5125.23966,01323.42026
5125.23974,01323.41965
5125.23985,01323.41886
5125.23942,01323.41959
5125.23876,01323.42205
5125.23978,01323.42080
5125.24048,01323.42074
5125.24103,01323.42053
5125.23997,01323.42283
5125.23855,01323.42524
5125.23960,01323.42349
5125.24004,01323.42147
5125.23998,01323.42083
5125.23964,01323.42102
5125.23770,01323.42289
5125.23649,01323.42598
5125.23411,01323.42859
5125.23327,01323.42888
5125.23203,01323.42914
5125.23160,01323.42900
5125.23219,01323.42932
5125.23061,01323.43057
5125.23144,01323.43077
5125.23201,01323.43040
5125.23256,01323.43066
5125.23330,01323.43053
5125.23271,01323.43029
5125.23260,01323.42924
5125.23323,01323.42735
5125.23350,01323.42731
5125.23345,01323.42716
5125.23279,01323.42725
5125.23288,01323.42747
5125.23326,01323.42831
5125.23281,01323.42795
5125.23325,01323.42812
5125.23329,01323.42922
5125.23462,01323.42794
5125.23596,01323.42624
5125.23777,01323.42582
5125.23809,01323.42590
5125.23842,01323.42629
5125.23849,01323.42674
5125.23896,01323.42691
5125.24107,01323.42657
5125.24121,01323.42602
5125.24172,01323.42622
5125.24180,01323.42771
5125.24100,01323.42848
5125.24206,01323.42615
5125.24283,01323.42521
,
,
,
,
,
,
,
,
,
,
,
,
,
5125.24691,01323.41856
,
,
5125.24189,01323.42577
5125.23986,01323.42659
5125.23792,01323.42769
,
5125.23776,01323.42700
5125.23805,01323.42666
5125.23822,01323.42660
5125.23823,01323.42655
5125.23853,01323.42663
,
5125.23886,01323.42612
,
5125.23987,01323.42582
,
,
,
,
,
,
,
,
5125.24219,01323.42466
5125.24027,01323.42538
5125.23975,01323.42672
,
,
,
,
,
,
,
,
,
,
,
,
,
,
,
,
,
,
,
,
,
,
,
,
,
,
,
,
,
,
,
,
,
,
,
,
,
,
,
,
,
,
,
,
,
,
,
,
,
,
,
,
,
,
,
,
,
,
,
5125.27712,01323.43914
5125.27168,01323.43726
5125.26829,01323.43610
5125.26589,01323.43536
5125.26295,01323.43375
5125.26090,01323.43277
5125.25913,01323.43219
5125.25701,01323.43238
5125.25565,01323.43177
5125.25433,01323.43094
5125.25306,01323.43047
5125.25180,01323.42997
5125.25067,01323.42951
5125.24921,01323.42825
5125.24846,01323.42806
5125.24633,01323.42795
5125.24518,01323.42748
5125.24445,01323.42834
5125.24435,01323.42879
5125.24407,01323.42824
5125.24367,01323.42756
5125.24337,01323.42721
5125.24299,01323.42731
5125.24318,01323.42704
5125.24344,01323.42731
5125.24339,01323.42717
5125.24296,01323.42641
5125.24258,01323.42588
5125.24149,01323.42535
5125.24165,01323.42495
5125.24035,01323.42615
5125.23906,01323.42657
5125.23875,01323.42685
5125.23919,01323.42736
5125.23948,01323.42860
5125.24026,01323.42975
5125.23974,01323.43016
5125.23942,01323.42950
5125.23862,01323.42954
5125.23777,01323.42965
5125.23762,01323.42963
5125.23708,01323.42956
5125.23629,01323.43006
5125.23598,01323.42971
5125.23537,01323.43020
5125.23534,01323.43055
5125.23513,01323.43102
5125.23392,01323.43091
5125.23348,01323.43114
5125.23390,01323.43045
5125.23399,01323.42941
5125.23428,01323.42921
5125.23474,01323.42918
5125.23462,01323.42860
5125.23383,01323.42850
5125.23482,01323.42640
5125.23512,01323.42561
5125.23510,01323.42588
5125.23570,01323.42497
5125.23651,01323.42442
5125.23576,01323.42560
5125.23490,01323.42722
5125.23646,01323.42870
5125.23673,01323.43008
5125.23697,01323.43060
5125.23719,01323.43152
5125.23779,01323.43269
5125.23767,01323.43335
5125.23712,01323.43351
5125.23700,01323.43408
5125.23689,01323.43452
5125.23679,01323.43460
5125.23713,01323.43457
5125.23739,01323.43495
5125.23756,01323.43521
5125.23767,01323.43530
5125.23839,01323.43549
5125.23887,01323.43519
5125.23968,01323.43479
5125.24021,01323.43444
5125.24067,01323.43443
5125.24119,01323.43433
5125.24176,01323.43397
5125.24248,01323.43349
5125.24315,01323.43277
5125.24385,01323.43192
5125.24439,01323.43117
5125.24523,01323.43033
5125.24595,01323.42955
5125.24654,01323.42851
5125.24713,01323.42764
5125.24739,01323.42712
5125.24788,01323.42640
5125.24848,01323.42573
5125.24900,01323.42493
5125.24945,01323.42423
5125.24996,01323.42377
5125.25055,01323.42289
5125.25125,01323.42216
5125.25197,01323.42136
5125.25262,01323.42063
5125.25330,01323.41979
5125.25412,01323.41854
5125.25487,01323.41778
5125.25549,01323.41722
5125.25583,01323.41659
5125.25617,01323.41573
5125.25664,01323.41467
5125.25717,01323.41379
5125.25783,01323.41281
5125.25831,01323.41183
5125.25879,01323.41089
5125.25941,01323.40997
5125.25997,01323.40873
5125.26031,01323.40776
5125.26065,01323.40667
5125.26104,01323.40576
5125.26158,01323.40479
5125.26213,01323.40387
5125.26273,01323.40310
5125.26333,01323.40219
5125.26396,01323.40128
5125.26462,01323.40044
5125.26538,01323.39958
5125.26611,01323.39887
5125.26681,01323.39820
5125.26745,01323.39727
5125.26830,01323.39634
5125.26946,01323.39484
5125.27021,01323.39366
5125.27073,01323.39272
5125.27127,01323.39168
5125.27171,01323.39076
5125.27223,01323.38965
5125.27273,01323.38873
5125.27325,01323.38785
5125.27375,01323.38699
5125.27432,01323.38613
5125.27500,01323.38527
5125.27550,01323.38437
5125.27603,01323.38347
5125.27654,01323.38259
5125.27695,01323.38169
5125.27740,01323.38088
5125.27788,01323.38010
5125.27849,01323.37910
5125.27907,01323.37788
5125.27948,01323.37702
5125.27995,01323.37607
5125.28043,01323.37511
5125.28101,01323.37407
5125.28166,01323.37311
5125.28230,01323.37222
5125.28297,01323.37126
5125.28346,01323.37037
5125.28398,01323.36948
5125.28463,01323.36842
5125.28498,01323.36738
5125.28550,01323.36641
5125.28583,01323.36536
5125.28628,01323.36428
5125.28702,01323.36344
5125.28795,01323.36251
5125.28862,01323.36164
5125.28932,01323.36061
5125.28993,01323.35963
5125.29046,01323.35880
5125.29089,01323.35789
5125.29142,01323.35696
5125.29198,01323.35597
5125.29257,01323.35496
5125.29311,01323.35405
5125.29372,01323.35319
5125.29435,01323.35231
5125.29503,01323.35143
5125.29599,01323.35045
5125.29685,01323.34947
5125.29758,01323.34848
5125.29828,01323.34755
5125.29879,01323.34669
5125.29926,01323.34582
5125.29968,01323.34497
5125.30017,01323.34403
5125.30052,01323.34291
5125.30105,01323.34180
5125.30178,01323.34069
5125.30242,01323.33974
5125.30302,01323.33883
5125.30352,01323.33791
5125.30411,01323.33715
5125.30471,01323.33647
5125.30531,01323.33557
5125.30592,01323.33468
5125.30651,01323.33403
5125.30704,01323.33319
5125.30741,01323.33230
5125.30793,01323.33128
5125.30847,01323.33033
5125.30909,01323.32933
5125.30959,01323.32833
5125.31036,01323.32728
5125.31116,01323.32633
5125.31183,01323.32545
5125.31256,01323.32451
5125.31339,01323.32375
5125.31413,01323.32290
5125.31485,01323.32192
5125.31541,01323.32091
5125.31602,01323.31990
5125.31664,01323.31893
5125.31726,01323.31794
5125.31784,01323.31704
5125.31838,01323.31616
5125.31894,01323.31534
5125.31937,01323.31461
5125.31981,01323.31384
5125.32062,01323.31308
5125.32135,01323.31233
5125.32212,01323.31148
5125.32279,01323.31046
5125.32353,01323.30947
5125.32408,01323.30839
5125.32490,01323.30730
5125.32565,01323.30617
5125.32631,01323.30517
5125.32699,01323.30410
5125.32769,01323.30299
5125.32840,01323.30192
5125.32896,01323.30099
5125.32948,01323.30005
5125.32996,01323.29899
5125.33044,01323.29792
5125.33105,01323.29669
5125.33130,01323.29535
5125.33165,01323.29412
5125.33207,01323.29299
5125.33255,01323.29203
5125.33285,01323.29107
5125.33310,01323.28989
5125.33333,01323.28869
5125.33392,01323.28739
5125.33426,01323.28630
5125.33447,01323.28520
5125.33480,01323.28414
5125.33509,01323.28323
5125.33542,01323.28228
5125.33573,01323.28111
5125.33604,01323.27988
5125.33640,01323.27890
5125.33659,01323.27800
5125.33690,01323.27684
5125.33723,01323.27575
5125.33755,01323.27475
5125.33804,01323.27377
5125.33859,01323.27268
5125.33915,01323.27162
5125.33966,01323.27065
5125.33991,01323.26982
5125.34029,01323.26888
5125.34087,01323.26788
5125.34155,01323.26706
5125.34207,01323.26634
5125.34267,01323.26559
5125.34338,01323.26465
5125.34386,01323.26396
5125.34486,01323.26291
5125.34577,01323.26218
5125.34667,01323.26112
5125.34736,01323.26033
5125.34801,01323.25964
5125.34849,01323.25913
5125.34887,01323.25858
5125.34929,01323.25791
5125.34975,01323.25709
5125.35020,01323.25649
5125.35081,01323.25577
5125.35124,01323.25496
5125.35181,01323.25403
5125.35244,01323.25319
5125.35323,01323.25231
5125.35394,01323.25161
5125.35446,01323.25090
5125.35507,01323.25016
5125.35566,01323.24930
5125.35635,01323.24851
5125.35709,01323.24756
5125.35762,01323.24672
5125.35834,01323.24590
5125.35883,01323.24516
5125.35928,01323.24428
5125.35982,01323.24338
5125.36055,01323.24246
5125.36117,01323.24160
5125.36192,01323.24081
5125.36264,01323.23993
5125.36329,01323.23899
5125.36397,01323.23807
5125.36450,01323.23715
5125.36504,01323.23622
5125.36555,01323.23521
5125.36615,01323.23414
5125.36665,01323.23317
5125.36726,01323.23224
5125.36814,01323.23123
5125.36880,01323.23021
5125.36934,01323.22930
5125.36991,01323.22835
5125.37052,01323.22763
5125.37126,01323.22709
5125.37202,01323.22648
5125.37287,01323.22600
5125.37380,01323.22548
5125.37451,01323.22498
5125.37525,01323.22433
5125.37609,01323.22364
5125.37690,01323.22308
5125.37763,01323.22262
5125.37839,01323.22212
5125.37925,01323.22166
5125.38004,01323.22117
5125.38075,01323.22066
5125.38141,01323.22015
5125.38193,01323.21932
5125.38264,01323.21881
5125.38332,01323.21841
5125.38422,01323.21790
5125.38514,01323.21757
5125.38596,01323.21721
5125.38691,01323.21682
5125.38787,01323.21645
5125.38878,01323.21594
5125.38962,01323.21541
5125.39052,01323.21507
5125.39137,01323.21467
5125.39212,01323.21413
5125.39283,01323.21363
5125.39364,01323.21321
5125.39441,01323.21282
5125.39518,01323.21255
5125.39605,01323.21234
5125.39681,01323.21231
5125.39765,01323.21218
5125.39852,01323.21193
5125.39946,01323.21179
5125.40036,01323.21170
5125.40127,01323.21133
5125.40209,01323.21087
5125.40279,01323.21042
5125.40343,01323.20998
5125.40390,01323.20943
5125.40446,01323.20906
5125.40537,01323.20887
5125.40609,01323.20857
5125.40707,01323.20847
5125.40794,01323.20843
5125.40881,01323.20858
5125.40964,01323.20867
5125.41057,01323.20855
5125.41148,01323.20837
5125.41238,01323.20835
5125.41322,01323.20825
5125.41391,01323.20823
5125.41465,01323.20805
5125.41555,01323.20778
5125.41641,01323.20777
5125.41738,01323.20794
5125.41817,01323.20812
5125.41901,01323.20819
5125.41976,01323.20825
5125.42049,01323.20836
5125.42135,01323.20832
5125.42215,01323.20841
5125.42310,01323.20835
5125.42403,01323.20807
5125.42488,01323.20788
5125.42582,01323.20773
5125.42672,01323.20764
5125.42770,01323.20738
5125.42860,01323.20732
5125.42947,01323.20735
5125.43025,01323.20726
5125.43117,01323.20732
5125.43197,01323.20727
5125.43297,01323.20714
5125.43390,01323.20703
5125.43469,01323.20687
5125.43532,01323.20671
5125.43619,01323.20659
5125.43702,01323.20645
5125.43788,01323.20632
5125.43877,01323.20620
5125.43956,01323.20620
5125.44045,01323.20600
5125.44136,01323.20586
5125.44237,01323.20572
5125.44334,01323.20563
5125.44416,01323.20555
5125.44497,01323.20535
5125.44594,01323.20511
5125.44689,01323.20489
5125.44784,01323.20483
5125.44875,01323.20467
5125.44948,01323.20449
5125.45034,01323.20428
5125.45125,01323.20404
5125.45214,01323.20382
5125.45300,01323.20352
5125.45377,01323.20317
5125.45445,01323.20294
5125.45517,01323.20266
5125.45582,01323.20231
5125.45651,01323.20205
5125.45721,01323.20189
5125.45806,01323.20184
5125.45881,01323.20168
5125.45957,01323.20150
5125.46032,01323.20145
5125.46106,01323.20139
5125.46171,01323.20128
5125.46228,01323.20123
5125.46297,01323.20136
5125.46369,01323.20137
5125.46436,01323.20131
5125.46492,01323.20106
5125.46552,01323.20101
5125.46616,01323.20107
5125.46679,01323.20097
5125.46755,01323.20084
5125.46823,01323.20075
5125.46892,01323.20083
5125.46960,01323.20057
5125.47011,01323.20019
5125.47078,01323.19984
5125.47154,01323.19968
5125.47244,01323.19937
5125.47316,01323.19928
5125.47394,01323.19916
5125.47472,01323.19899
5125.47571,01323.19879
5125.47652,01323.19868
5125.47737,01323.19861
5125.47828,01323.19845
5125.47920,01323.19833
5125.47992,01323.19806
5125.48080,01323.19792
5125.48167,01323.19776
5125.48241,01323.19758
5125.48327,01323.19751
5125.48417,01323.19736
5125.48503,01323.19721
5125.48594,01323.19695
5125.48679,01323.19670
5125.48755,01323.19648
5125.48837,01323.19614
5125.48915,01323.19579
5125.48987,01323.19550
5125.49065,01323.19534
5125.49140,01323.19527
5125.49228,01323.19510
5125.49324,01323.19500
5125.49405,01323.19485
5125.49477,01323.19474
5125.49555,01323.19457
5125.49634,01323.19447
5125.49716,01323.19437
5125.49794,01323.19427
5125.49879,01323.19412
5125.49959,01323.19404
5125.50046,01323.19391
5125.50129,01323.19377
5125.50211,01323.19361
5125.50300,01323.19337
5125.50385,01323.19313
5125.50477,01323.19290
5125.50561,01323.19273
5125.50638,01323.19254
5125.50724,01323.19229
5125.50809,01323.19211
5125.50901,01323.19190
5125.50994,01323.19169
5125.51088,01323.19153
5125.51178,01323.19144
5125.51265,01323.19132
5125.51354,01323.19116
5125.51447,01323.19109
5125.51528,01323.19098
5125.51611,01323.19082
5125.51682,01323.19067
5125.51761,01323.19053
5125.51836,01323.19033
5125.51915,01323.19014
5125.51988,01323.19001
5125.52060,01323.18993
5125.52127,01323.18979
5125.52203,01323.18963
5125.52277,01323.18952
5125.52355,01323.18940
5125.52430,01323.18929
5125.52519,01323.18911
5125.52593,01323.18886
5125.52668,01323.18865
5125.52747,01323.18844
5125.52828,01323.18822
5125.52910,01323.18802
5125.52993,01323.18789
5125.53070,01323.18774
5125.53155,01323.18764
5125.53240,01323.18747
5125.53317,01323.18729
5125.53399,01323.18716
5125.53481,01323.18694
5125.53563,01323.18672
5125.53641,01323.18654
5125.53728,01323.18634
5125.53803,01323.18616
5125.53877,01323.18595
5125.53949,01323.18587
5125.54032,01323.18579
5125.54117,01323.18562
5125.54198,01323.18548
5125.54271,01323.18529
5125.54348,01323.18508
5125.54428,01323.18488
5125.54512,01323.18469
5125.54599,01323.18458
5125.54680,01323.18449
5125.54759,01323.18444
5125.54841,01323.18447
5125.54923,01323.18435
5125.55003,01323.18432
5125.55082,01323.18434
5125.55159,01323.18435
5125.55239,01323.18442
5125.55324,01323.18444
5125.55409,01323.18450
5125.55490,01323.18469
5125.55567,01323.18504
5125.55641,01323.18534
5125.55719,01323.18567
5125.55793,01323.18602
5125.55875,01323.18637
5125.55954,01323.18671
5125.56025,01323.18704
5125.56099,01323.18753
5125.56172,01323.18805
5125.56246,01323.18865
5125.56317,01323.18928
5125.56383,01323.18997
5125.56445,01323.19062
5125.56512,01323.19136
5125.56574,01323.19215
5125.56633,01323.19300
5125.56694,01323.19380
5125.56752,01323.19454
5125.56820,01323.19525
5125.56889,01323.19595
5125.56956,01323.19674
5125.57022,01323.19757
5125.57085,01323.19840
5125.57134,01323.19922
5125.57185,01323.20013
5125.57238,01323.20105
5125.57294,01323.20205
5125.57355,01323.20303
5125.57416,01323.20388
5125.57466,01323.20469
5125.57524,01323.20556
5125.57584,01323.20642
5125.57640,01323.20722
5125.57694,01323.20806
5125.57742,01323.20892
5125.57791,01323.20976
5125.57848,01323.21078
5125.57912,01323.21189
5125.57968,01323.21270
5125.58019,01323.21344
5125.58074,01323.21426
5125.58133,01323.21510
5125.58190,01323.21598
5125.58241,01323.21679
5125.58286,01323.21755
5125.58341,01323.21843
5125.58390,01323.21932
5125.58445,01323.22016
5125.58494,01323.22082
5125.58540,01323.22148
5125.58603,01323.22241
5125.58660,01323.22322
5125.58712,01323.22402
5125.58766,01323.22484
5125.58823,01323.22567
5125.58876,01323.22666
5125.58936,01323.22750
5125.59007,01323.22858
5125.59056,01323.22925
5125.59109,01323.23007
5125.59166,01323.23090
5125.59223,01323.23179
5125.59278,01323.23270
5125.59330,01323.23351
5125.59378,01323.23437
5125.59425,01323.23522
5125.59480,01323.23611
5125.59535,01323.23688
5125.59590,01323.23758
5125.59653,01323.23838
5125.59702,01323.23912
5125.59751,01323.23992
5125.59795,01323.24067
5125.59846,01323.24143
5125.59899,01323.24222
5125.59949,01323.24296
5125.60001,01323.24383
5125.60054,01323.24459
5125.60094,01323.24532
5125.60142,01323.24594
5125.60207,01323.24679
5125.60265,01323.24756
5125.60301,01323.24805
5125.60349,01323.24891
5125.60394,01323.24978
5125.60443,01323.25052
5125.60489,01323.25131
5125.60531,01323.25192
5125.60590,01323.25269
5125.60651,01323.25350
5125.60703,01323.25419
5125.60766,01323.25496
5125.60821,01323.25577
5125.60870,01323.25660
5125.60917,01323.25736
5125.60977,01323.25818
5125.61052,01323.25919
5125.61080,01323.25937
5125.61102,01323.25981
5125.61136,01323.26058
5125.61159,01323.26116
5125.61194,01323.26172
5125.61210,01323.26204
5125.61246,01323.26233
5125.61282,01323.26269
5125.61328,01323.26307
5125.61371,01323.26360
5125.61413,01323.26421
5125.61465,01323.26513
5125.61498,01323.26578
5125.61539,01323.26649
5125.61590,01323.26725
5125.61626,01323.26787
5125.61663,01323.26837
5125.61725,01323.26902
5125.61785,01323.26989
5125.61821,01323.27059
5125.61854,01323.27121
5125.61893,01323.27196
5125.61922,01323.27251
5125.61962,01323.27313
5125.62009,01323.27385
5125.62052,01323.27447
5125.62108,01323.27533
5125.62149,01323.27588
5125.62194,01323.27652
5125.62232,01323.27714
5125.62289,01323.27798
5125.62351,01323.27893
5125.62406,01323.27987
5125.62461,01323.28078
5125.62518,01323.28155
5125.62585,01323.28230
5125.62655,01323.28320
5125.62720,01323.28415
5125.62773,01323.28498
5125.62828,01323.28581
5125.62890,01323.28666
5125.62947,01323.28744
5125.63001,01323.28824
5125.63062,01323.28908
5125.63118,01323.29004
5125.63172,01323.29100
5125.63227,01323.29182
5125.63290,01323.29276
5125.63340,01323.29351
5125.63388,01323.29417
5125.63446,01323.29491
5125.63498,01323.29566
5125.63560,01323.29656
5125.63621,01323.29759
5125.63683,01323.29851
5125.63741,01323.29927
5125.63800,01323.30002
5125.63865,01323.30080
5125.63919,01323.30167
5125.63976,01323.30245
5125.64033,01323.30322
5125.64093,01323.30405
5125.64150,01323.30488
5125.64222,01323.30579
5125.64281,01323.30658
5125.64342,01323.30744
5125.64391,01323.30805
5125.64456,01323.30882
5125.64514,01323.30962
5125.64576,01323.31046
5125.64636,01323.31129
5125.64702,01323.31237
5125.64766,01323.31353
5125.64830,01323.31460
5125.64879,01323.31532
5125.64911,01323.31576
5125.64982,01323.31675
5125.65047,01323.31791
5125.65109,01323.31890
5125.65173,01323.31986
5125.65236,01323.32088
5125.65292,01323.32197
5125.65349,01323.32287
5125.65402,01323.32364
5125.65465,01323.32438
5125.65528,01323.32525
5125.65581,01323.32617
5125.65628,01323.32709
5125.65686,01323.32814
5125.65736,01323.32896
5125.65783,01323.32957
5125.65838,01323.33019
5125.65901,01323.33092
5125.65958,01323.33181
5125.66006,01323.33266
5125.66048,01323.33334
5125.66104,01323.33421
5125.66161,01323.33503
5125.66215,01323.33587
5125.66274,01323.33674
5125.66338,01323.33759
5125.66398,01323.33840
5125.66455,01323.33925
5125.66514,01323.34019
5125.66567,01323.34107
5125.66623,01323.34191
5125.66680,01323.34261
5125.66737,01323.34335
5125.66793,01323.34402
5125.66852,01323.34484
5125.66900,01323.34565
5125.66949,01323.34650
5125.66989,01323.34732
5125.67045,01323.34817
5125.67096,01323.34882
5125.67152,01323.34939
5125.67193,01323.34975
5125.67255,01323.35043
5125.67313,01323.35132
5125.67370,01323.35228
5125.67422,01323.35325
5125.67478,01323.35402
5125.67544,01323.35489
5125.67608,01323.35572
5125.67672,01323.35644
5125.67742,01323.35733
5125.67793,01323.35824
5125.67836,01323.35908
5125.67888,01323.36005
5125.67936,01323.36093
5125.67994,01323.36199
5125.68053,01323.36293
5125.68100,01323.36359
5125.68152,01323.36437
5125.68217,01323.36532
5125.68273,01323.36619
5125.68343,01323.36718
5125.68400,01323.36818
5125.68451,01323.36909
5125.68506,01323.37003
5125.68565,01323.37092
5125.68621,01323.37167
5125.68676,01323.37228
5125.68725,01323.37297
5125.68776,01323.37378
5125.68831,01323.37458
5125.68868,01323.37529
5125.68909,01323.37603
5125.68954,01323.37681
5125.69007,01323.37757
5125.69057,01323.37819
5125.69096,01323.37874
5125.69161,01323.37961
5125.69199,01323.38024
5125.69251,01323.38108
5125.69298,01323.38193
5125.69356,01323.38279
5125.69404,01323.38346
5125.69464,01323.38421
5125.69530,01323.38500
5125.69598,01323.38590
5125.69654,01323.38677
5125.69710,01323.38768
5125.69770,01323.38871
5125.69829,01323.38962
5125.69888,01323.39050
5125.69942,01323.39127
5125.69998,01323.39202
5125.70059,01323.39284
5125.70101,01323.39340
5125.70149,01323.39423
5125.70197,01323.39512
5125.70251,01323.39588
5125.70300,01323.39637
5125.70345,01323.39696
5125.70392,01323.39765
5125.70463,01323.39852
5125.70492,01323.39913
5125.70516,01323.39985
5125.70558,01323.40052
5125.70616,01323.40135
5125.70678,01323.40224
5125.70717,01323.40302
5125.70772,01323.40385
5125.70806,01323.40423
5125.70857,01323.40485
5125.70902,01323.40564
5125.70962,01323.40643
5125.71005,01323.40709
5125.71080,01323.40817
5125.71137,01323.40894
5125.71184,01323.40954
5125.71219,01323.40994
5125.71282,01323.41070
5125.71343,01323.41154
5125.71399,01323.41214
5125.71458,01323.41302
5125.71507,01323.41380
5125.71572,01323.41464
5125.71622,01323.41529
5125.71674,01323.41598
5125.71738,01323.41687
5125.71795,01323.41777
5125.71840,01323.41865
5125.71883,01323.41951
5125.71944,01323.42042
5125.72008,01323.42138
5125.72065,01323.42235
5125.72120,01323.42318
5125.72180,01323.42404
5125.72240,01323.42481
5125.72297,01323.42558
5125.72351,01323.42637
5125.72406,01323.42721
5125.72457,01323.42816
5125.72515,01323.42915
5125.72562,01323.43005
5125.72615,01323.43093
5125.72664,01323.43181
5125.72731,01323.43257
5125.72794,01323.43346
5125.72861,01323.43437
5125.72921,01323.43517
5125.72980,01323.43605
5125.73047,01323.43693
5125.73116,01323.43789
5125.73180,01323.43878
5125.73248,01323.43955
5125.73315,01323.44041
5125.73379,01323.44130
5125.73435,01323.44220
5125.73479,01323.44308
5125.73525,01323.44402
5125.73587,01323.44507
5125.73656,01323.44610
5125.73720,01323.44703
5125.73783,01323.44789
5125.73840,01323.44856
5125.73903,01323.44942
5125.73963,01323.45052
5125.74014,01323.45147
5125.74070,01323.45244
5125.74119,01323.45338
5125.74161,01323.45425
5125.74211,01323.45514
5125.74271,01323.45592
5125.74333,01323.45666
5125.74391,01323.45747
5125.74444,01323.45833
5125.74498,01323.45912
5125.74552,01323.45998
5125.74609,01323.46084
5125.74663,01323.46160
5125.74716,01323.46240
5125.74771,01323.46307
5125.74839,01323.46377
5125.74896,01323.46450
5125.74956,01323.46535
5125.75026,01323.46631
5125.75089,01323.46707
5125.75149,01323.46786
5125.75193,01323.46868
5125.75267,01323.46940
5125.75328,01323.47024
5125.75386,01323.47108
5125.75436,01323.47193
5125.75496,01323.47279
5125.75559,01323.47363
5125.75611,01323.47448
5125.75656,01323.47550
5125.75697,01323.47627
5125.75753,01323.47700
5125.75815,01323.47767
5125.75869,01323.47816
5125.75933,01323.47898
5125.75987,01323.47982
5125.76035,01323.48060
5125.76081,01323.48148
5125.76142,01323.48238
5125.76181,01323.48323
5125.76220,01323.48401
5125.76275,01323.48488
5125.76331,01323.48568
5125.76389,01323.48640
5125.76437,01323.48705
5125.76484,01323.48781
5125.76552,01323.48868
5125.76616,01323.48961
5125.76664,01323.49047
5125.76698,01323.49123
5125.76745,01323.49204
5125.76800,01323.49309
5125.76845,01323.49390
5125.76881,01323.49440
5125.76924,01323.49493
5125.76975,01323.49561
5125.77039,01323.49650
5125.77101,01323.49730
5125.77153,01323.49823
5125.77191,01323.49900
5125.77220,01323.49975
5125.77275,01323.50063
5125.77336,01323.50155
5125.77384,01323.50228
5125.77428,01323.50277
5125.77482,01323.50340
5125.77539,01323.50410
5125.77598,01323.50496
5125.77650,01323.50577
5125.77704,01323.50663
5125.77752,01323.50740
5125.77817,01323.50819
5125.77871,01323.50914
5125.77936,01323.51007
5125.77992,01323.51074
5125.78048,01323.51147
5125.78100,01323.51217
5125.78150,01323.51293
5125.78201,01323.51372
5125.78243,01323.51445
5125.78297,01323.51537
5125.78347,01323.51632
5125.78401,01323.51706
5125.78452,01323.51784
5125.78501,01323.51860
5125.78557,01323.51940
5125.78619,01323.52019
5125.78682,01323.52080
5125.78739,01323.52162
5125.78782,01323.52250
5125.78820,01323.52344
5125.78870,01323.52435
5125.78914,01323.52532
5125.78964,01323.52612
5125.79017,01323.52691
5125.79085,01323.52754
5125.79143,01323.52834
5125.79201,01323.52921
5125.79258,01323.52999
5125.79297,01323.53069
5125.79342,01323.53154
5125.79382,01323.53264
5125.79443,01323.53369
5125.79498,01323.53439
5125.79551,01323.53501
5125.79600,01323.53570
5125.79657,01323.53648
5125.79726,01323.53729
5125.79780,01323.53813
5125.79831,01323.53899
5125.79886,01323.53977
5125.79942,01323.54074
5125.79992,01323.54173
5125.80063,01323.54248
5125.80129,01323.54324
5125.80199,01323.54388
5125.80264,01323.54459
5125.80314,01323.54551
5125.80382,01323.54645
5125.80450,01323.54741
5125.80509,01323.54826
5125.80570,01323.54922
5125.80619,01323.55013
5125.80681,01323.55115
5125.80732,01323.55204
5125.80788,01323.55301
5125.80850,01323.55392
5125.80907,01323.55480
5125.80971,01323.55576
5125.81039,01323.55683
5125.81106,01323.55779
5125.81170,01323.55859
5125.81228,01323.55952
5125.81293,01323.56056
5125.81355,01323.56150
5125.81416,01323.56227
5125.81475,01323.56312
5125.81540,01323.56394
5125.81610,01323.56495
5125.81674,01323.56592
5125.81733,01323.56691
5125.81784,01323.56781
5125.81826,01323.56864
5125.81860,01323.56908
5125.81926,01323.56958
5125.81975,01323.57028
5125.82014,01323.57081
5125.82057,01323.57152
5125.82100,01323.57232
5125.82151,01323.57313
5125.82183,01323.57382
5125.82225,01323.57442
5125.82259,01323.57511
5125.82268,01323.57591
5125.82318,01323.57684
5125.82378,01323.57765
5125.82440,01323.57837
5125.82482,01323.57903
5125.82547,01323.57982
5125.82612,01323.58102
5125.82662,01323.58192
5125.82713,01323.58295
5125.82760,01323.58381
5125.82811,01323.58469
5125.82849,01323.58550
5125.82897,01323.58631
5125.82940,01323.58718
5125.82992,01323.58811
5125.83070,01323.58896
5125.83125,01323.58966
5125.83173,01323.59037
5125.83223,01323.59112
5125.83284,01323.59193
5125.83335,01323.59271
5125.83399,01323.59359
5125.83468,01323.59427
5125.83538,01323.59505
5125.83574,01323.59590
5125.83631,01323.59669
5125.83691,01323.59760
5125.83763,01323.59866
5125.83823,01323.59962
5125.83882,01323.60043
5125.83957,01323.60134
5125.84027,01323.60219
5125.84095,01323.60305
5125.84147,01323.60388
5125.84202,01323.60470
5125.84257,01323.60565
5125.84319,01323.60640
5125.84390,01323.60724
5125.84460,01323.60804
5125.84526,01323.60887
5125.84591,01323.60977
5125.84664,01323.61061
5125.84751,01323.61162
5125.84830,01323.61276
5125.84890,01323.61377
5125.84942,01323.61471
5125.84998,01323.61545
5125.85062,01323.61631
5125.85115,01323.61700
5125.85169,01323.61755
5125.85226,01323.61825
5125.85292,01323.61909
5125.85349,01323.62000
5125.85389,01323.62075
5125.85436,01323.62156
5125.85486,01323.62236
5125.85548,01323.62320
5125.85599,01323.62389
5125.85646,01323.62457
5125.85696,01323.62536
5125.85748,01323.62616
5125.85797,01323.62694
5125.85834,01323.62780
5125.85890,01323.62870
5125.85953,01323.62959
5125.86004,01323.63053
5125.86052,01323.63128
5125.86113,01323.63208
5125.86180,01323.63299
5125.86241,01323.63390
5125.86285,01323.63467
5125.86335,01323.63570
5125.86397,01323.63667
5125.86458,01323.63744
5125.86514,01323.63817
5125.86564,01323.63890
5125.86618,01323.63963
5125.86678,01323.64058
5125.86739,01323.64145
5125.86788,01323.64213
5125.86834,01323.64291
5125.86886,01323.64375
5125.86945,01323.64454
5125.86998,01323.64520
5125.87044,01323.64593
5125.87094,01323.64664
5125.87155,01323.64740
5125.87199,01323.64815
5125.87246,01323.64898
5125.87288,01323.64976
5125.87337,01323.65059
5125.87375,01323.65127
5125.87421,01323.65201
5125.87463,01323.65263
5125.87517,01323.65335
5125.87578,01323.65429
5125.87640,01323.65522
5125.87692,01323.65604
5125.87746,01323.65684
5125.87800,01323.65772
5125.87851,01323.65870
5125.87904,01323.65972
5125.87956,01323.66048
5125.88005,01323.66108
5125.88056,01323.66174
5125.88107,01323.66245
5125.88159,01323.66318
5125.88208,01323.66408
5125.88257,01323.66496
5125.88295,01323.66568
5125.88355,01323.66651
5125.88416,01323.66731
5125.88469,01323.66809
5125.88528,01323.66889
5125.88597,01323.66976
5125.88651,01323.67070
5125.88707,01323.67146
5125.88760,01323.67237
5125.88826,01323.67331
5125.88884,01323.67419
5125.88945,01323.67498
5125.89004,01323.67582
5125.89064,01323.67660
5125.89117,01323.67746
5125.89174,01323.67832
5125.89232,01323.67911
5125.89289,01323.67996
5125.89357,01323.68085
5125.89433,01323.68171
5125.89496,01323.68241
5125.89547,01323.68320
5125.89613,01323.68424
5125.89680,01323.68516
5125.89736,01323.68601
5125.89796,01323.68692
5125.89866,01323.68791
5125.89929,01323.68880
5125.89989,01323.68962
5125.90052,01323.69033
5125.90117,01323.69120
5125.90189,01323.69230
5125.90261,01323.69326
5125.90321,01323.69414
5125.90377,01323.69514
5125.90442,01323.69617
5125.90504,01323.69709
5125.90557,01323.69787
5125.90620,01323.69860
5125.90672,01323.69932
5125.90726,01323.70008
5125.90783,01323.70097
5125.90833,01323.70182
5125.90877,01323.70277
5125.90931,01323.70372
5125.90992,01323.70460
5125.91042,01323.70545
5125.91089,01323.70615
5125.91133,01323.70695
5125.91182,01323.70769
5125.91228,01323.70844
5125.91273,01323.70920
5125.91308,01323.70998
5125.91369,01323.71102
5125.91426,01323.71208
5125.91484,01323.71294
5125.91545,01323.71376
5125.91599,01323.71456
5125.91641,01323.71542
5125.91670,01323.71606
5125.91708,01323.71695
5125.91765,01323.71786
5125.91817,01323.71842
5125.91877,01323.71909
5125.91934,01323.71972
5125.91991,01323.72031
5125.92039,01323.72105
5125.92088,01323.72198
5125.92141,01323.72289
5125.92210,01323.72369
5125.92282,01323.72464
5125.92350,01323.72568
5125.92417,01323.72655
5125.92484,01323.72725
5125.92549,01323.72797
5125.92608,01323.72881
5125.92675,01323.72967
5125.92728,01323.73055
5125.92786,01323.73146
5125.92839,01323.73227
5125.92907,01323.73331
5125.92956,01323.73418
5125.93015,01323.73520
5125.93076,01323.73609
5125.93140,01323.73697
5125.93182,01323.73781
5125.93215,01323.73872
5125.93262,01323.73954
5125.93316,01323.74036
5125.93374,01323.74126
5125.93425,01323.74210
5125.93485,01323.74297
5125.93542,01323.74388
5125.93596,01323.74478
5125.93637,01323.74569
5125.93659,01323.74666
5125.93664,01323.74761
5125.93724,01323.74811
5125.93782,01323.74877
5125.93800,01323.74989
5125.93793,01323.75096
5125.93790,01323.75221
5125.93802,01323.75349
5125.93839,01323.75463
5125.93827,01323.75537
5125.93831,01323.75549
5125.93838,01323.75546
5125.93849,01323.75541
5125.93863,01323.75538
5125.93876,01323.75531
5125.93887,01323.75523
5125.93895,01323.75516
5125.93902,01323.75500
5125.93879,01323.75496
5125.93889,01323.75504
5125.93909,01323.75565
5125.93910,01323.75603
5125.93904,01323.75629
5125.93912,01323.75630
5125.93915,01323.75648
5125.93925,01323.75676
5125.93933,01323.75685
5125.93936,01323.75706
5125.93935,01323.75728
5125.93928,01323.75746
5125.93938,01323.75772
5125.93931,01323.75751
5125.93927,01323.75747
5125.93910,01323.75734
5125.93904,01323.75725
5125.93913,01323.75723
5125.93920,01323.75704
5125.93917,01323.75703
5125.93899,01323.75713
5125.93912,01323.75711
5125.93899,01323.75692
5125.93903,01323.75729
5125.93959,01323.75806
5125.93973,01323.75814
5125.93972,01323.75808
5125.93958,01323.75788
5125.93947,01323.75778
5125.93949,01323.75772
5125.93942,01323.75776
5125.93933,01323.75791
5125.93929,01323.75800
5125.93929,01323.75808
5125.93928,01323.75810
5125.93925,01323.75822
5125.93921,01323.75827
5125.93918,01323.75829
5125.93916,01323.75830
5125.93914,01323.75830
5125.93922,01323.75834
5125.93928,01323.75833
5125.93926,01323.75823
5125.93928,01323.75818
5125.93931,01323.75816
5125.93930,01323.75811
5125.93930,01323.75805
5125.93929,01323.75800
5125.93930,01323.75791
5125.93926,01323.75783
5125.93926,01323.75777
5125.93930,01323.75775
5125.93932,01323.75752
5125.93952,01323.75737
5125.93940,01323.75732
5125.93949,01323.75724
5125.93940,01323.75724
5125.93940,01323.75738
5125.93945,01323.75698
5125.93946,01323.75689
5125.93964,01323.75686
5125.93947,01323.75685
5125.93932,01323.75667
5125.93927,01323.75681
5125.93912,01323.75695
5125.93907,01323.75684
5125.93901,01323.75680
5125.93896,01323.75683
5125.93905,01323.75691
5125.93907,01323.75687
5125.93906,01323.75684
5125.93906,01323.75692
5125.93914,01323.75701
5125.93914,01323.75710
5125.93916,01323.75716
5125.93923,01323.75723
5125.93926,01323.75733
5125.93929,01323.75741
5125.93933,01323.75745
5125.93913,01323.75750
5125.93904,01323.75764
5125.93908,01323.75760
5125.93913,01323.75757
5125.93914,01323.75750
5125.93910,01323.75768
5125.93923,01323.75768
5125.93927,01323.75773
5125.93933,01323.75791
5125.93928,01323.75798
5125.93929,01323.75815
5125.93933,01323.75811
5125.93936,01323.75818
5125.93924,01323.75837
5125.93911,01323.75821
5125.93906,01323.75814
5125.93937,01323.75826
5125.93938,01323.75844
5125.93911,01323.75892
5125.93882,01323.75928
5125.93825,01323.75940
5125.93762,01323.75962
5125.93697,01323.76000
5125.93655,01323.76048
5125.93604,01323.76114
5125.93543,01323.76142
5125.93477,01323.76146
5125.93409,01323.76153
5125.93335,01323.76163
5125.93272,01323.76190
5125.93205,01323.76227
5125.93151,01323.76266
5125.93101,01323.76309
5125.93054,01323.76347
5125.92993,01323.76389
5125.92932,01323.76416
5125.92892,01323.76457
5125.92834,01323.76483
5125.92778,01323.76518
5125.92717,01323.76571
5125.92677,01323.76628
5125.92633,01323.76681
5125.92556,01323.76725
5125.92487,01323.76771
5125.92407,01323.76798
5125.92341,01323.76815
5125.92272,01323.76825
5125.92195,01323.76841
5125.92132,01323.76874
5125.92071,01323.76922
5125.92001,01323.76967
5125.91940,01323.76994
5125.91884,01323.77038
5125.91822,01323.77073
5125.91781,01323.77117
5125.91739,01323.77154
5125.91677,01323.77170
5125.91624,01323.77206
5125.91560,01323.77250
5125.91493,01323.77266
5125.91449,01323.77321
5125.91402,01323.77369
5125.91336,01323.77378
5125.91286,01323.77415
5125.91224,01323.77444
5125.91151,01323.77485
5125.91068,01323.77521
5125.90996,01323.77550
5125.90945,01323.77580
5125.90878,01323.77613
5125.90804,01323.77643
5125.90726,01323.77675
5125.90638,01323.77706
5125.90544,01323.77728
5125.90462,01323.77765
5125.90391,01323.77806
5125.90343,01323.77859
5125.90260,01323.77887
5125.90190,01323.77924
5125.90124,01323.77951
5125.90048,01323.77969
5125.89984,01323.77992
5125.89926,01323.78005
5125.89838,01323.78021
5125.89737,01323.78047
5125.89636,01323.78078
5125.89551,01323.78084
5125.89461,01323.78085
5125.89385,01323.78116
5125.89289,01323.78167
5125.89213,01323.78204
5125.89140,01323.78226
5125.89047,01323.78259
5125.88968,01323.78295
5125.88886,01323.78324
5125.88807,01323.78345
5125.88734,01323.78384
5125.88640,01323.78429
5125.88569,01323.78482
5125.88488,01323.78514
5125.88427,01323.78534
5125.88357,01323.78560
5125.88285,01323.78590
5125.88205,01323.78625
5125.88118,01323.78656
5125.88032,01323.78676
5125.87941,01323.78711
5125.87844,01323.78733
5125.87772,01323.78775
5125.87722,01323.78821
5125.87655,01323.78839
5125.87571,01323.78841
5125.87511,01323.78852
5125.87433,01323.78867
5125.87355,01323.78915
5125.87291,01323.78957
5125.87212,01323.78993
5125.87138,01323.79014
5125.87060,01323.79040
5125.87000,01323.79076
5125.86919,01323.79079
5125.86838,01323.79111
5125.86750,01323.79135
5125.86662,01323.79150
5125.86601,01323.79173
5125.86544,01323.79210
5125.86461,01323.79272
5125.86383,01323.79300
5125.86296,01323.79326
5125.86202,01323.79345
5125.86110,01323.79377
5125.86036,01323.79401
5125.85956,01323.79443
5125.85881,01323.79479
5125.85804,01323.79521
5125.85742,01323.79558
5125.85672,01323.79595
5125.85593,01323.79620
5125.85514,01323.79629
5125.85439,01323.79636
5125.85344,01323.79678
5125.85264,01323.79719
5125.85192,01323.79770
5125.85109,01323.79827
5125.85031,01323.79879
5125.84957,01323.79913
5125.84879,01323.79952
5125.84816,01323.79987
5125.84748,01323.80030
5125.84667,01323.80077
5125.84596,01323.80127
5125.84495,01323.80174
5125.84406,01323.80216
5125.84331,01323.80267
5125.84261,01323.80304
5125.84186,01323.80310
5125.84123,01323.80347
5125.84038,01323.80391
5125.83964,01323.80426
5125.83888,01323.80461
5125.83810,01323.80487
5125.83745,01323.80529
5125.83676,01323.80563
5125.83609,01323.80608
5125.83539,01323.80649
5125.83469,01323.80685
5125.83406,01323.80711
5125.83329,01323.80735
5125.83260,01323.80780
5125.83193,01323.80829
5125.83113,01323.80875
5125.83046,01323.80909
5125.82988,01323.80958
5125.82933,01323.81001
5125.82848,01323.81055
5125.82772,01323.81103
5125.82700,01323.81144
5125.82607,01323.81176
5125.82519,01323.81228
5125.82448,01323.81259
5125.82350,01323.81286
5125.82256,01323.81275
5125.82182,01323.81267
5125.82119,01323.81305
5125.82034,01323.81351
5125.81938,01323.81371
5125.81861,01323.81397
5125.81785,01323.81449
5125.81718,01323.81507
5125.81651,01323.81569
5125.81565,01323.81590
5125.81496,01323.81610
5125.81449,01323.81663
5125.81380,01323.81718
5125.81308,01323.81760
5125.81239,01323.81807
5125.81200,01323.81866
5125.81142,01323.81926
5125.81104,01323.81984
5125.81061,01323.82029
5125.81014,01323.82063
5125.80952,01323.82106
5125.80876,01323.82144
5125.80793,01323.82177
5125.80721,01323.82192
5125.80646,01323.82226
5125.80564,01323.82284
5125.80483,01323.82333
5125.80383,01323.82361
5125.80303,01323.82396
5125.80237,01323.82423
5125.80142,01323.82419
5125.80067,01323.82477
5125.79987,01323.82510
5125.79905,01323.82550
5125.79845,01323.82610
5125.79755,01323.82654
5125.79681,01323.82710
5125.79610,01323.82755
5125.79532,01323.82763
5125.79457,01323.82792
5125.79369,01323.82800
5125.79306,01323.82833
5125.79221,01323.82851
5125.79127,01323.82877
5125.79050,01323.82938
5125.78991,01323.82988
5125.78922,01323.83014
5125.78839,01323.83047
5125.78768,01323.83108
5125.78690,01323.83153
5125.78623,01323.83195
5125.78559,01323.83254
5125.78498,01323.83310
5125.78443,01323.83372
5125.78385,01323.83430
5125.78295,01323.83443
5125.78205,01323.83432
5125.78127,01323.83476
5125.78068,01323.83537
5125.77996,01323.83582
5125.77919,01323.83607
5125.77848,01323.83649
5125.77791,01323.83728
5125.77745,01323.83794
5125.77688,01323.83855
5125.77625,01323.83910
5125.77562,01323.83939
5125.77497,01323.83978
5125.77429,01323.84023
5125.77347,01323.84068
5125.77248,01323.84084
5125.77156,01323.84106
5125.77063,01323.84136
5125.76966,01323.84122
5125.76906,01323.84177
5125.76830,01323.84209
5125.76743,01323.84232
5125.76657,01323.84260
5125.76593,01323.84309
5125.76531,01323.84361
5125.76460,01323.84424
5125.76379,01323.84441
5125.76321,01323.84482
5125.76259,01323.84536
5125.76192,01323.84569
5125.76122,01323.84585
5125.76048,01323.84595
5125.75989,01323.84628
5125.75896,01323.84643
5125.75773,01323.84640
5125.75704,01323.84663
5125.75654,01323.84682
5125.75595,01323.84708
5125.75528,01323.84738
5125.75471,01323.84759
5125.75406,01323.84764
5125.75338,01323.84814
5125.75282,01323.84846
5125.75208,01323.84869
5125.75174,01323.84909
5125.75114,01323.84930
5125.75047,01323.84978
5125.74982,01323.85031
5125.74911,01323.85072
5125.74778,01323.85087
5125.74709,01323.85134
5125.74630,01323.85168
5125.74563,01323.85201
5125.74472,01323.85227
5125.74404,01323.85273
5125.74306,01323.85327
5125.74235,01323.85392
5125.74152,01323.85412
5125.74069,01323.85435
5125.73978,01323.85450
5125.73911,01323.85495
5125.73803,01323.85519
5125.73702,01323.85544
5125.73609,01323.85567
5125.73541,01323.85605
5125.73458,01323.85648
5125.73377,01323.85680
5125.73289,01323.85711
5125.73216,01323.85745
5125.73140,01323.85786
5125.73061,01323.85825
5125.72985,01323.85879
5125.72922,01323.85936
5125.72846,01323.85969
5125.72776,01323.86028
5125.72680,01323.86062
5125.72601,01323.86093
5125.72517,01323.86125
5125.72428,01323.86139
5125.72353,01323.86174
5125.72282,01323.86202
5125.72201,01323.86231
5125.72130,01323.86267
5125.72035,01323.86295
5125.71951,01323.86336
5125.71886,01323.86389
5125.71793,01323.86412
5125.71721,01323.86431
5125.71642,01323.86447
5125.71559,01323.86462
5125.71497,01323.86521
5125.71429,01323.86548
5125.71359,01323.86589
5125.71266,01323.86614
5125.71179,01323.86620
5125.71079,01323.86615
5125.71002,01323.86609
5125.70921,01323.86616
5125.70847,01323.86605
5125.70768,01323.86619
5125.70695,01323.86641
5125.70626,01323.86694
5125.70557,01323.86749
5125.70485,01323.86814
5125.70425,01323.86852
5125.70350,01323.86869
5125.70277,01323.86901
5125.70213,01323.86956
5125.70170,01323.87018
5125.70100,01323.87061
5125.70038,01323.87102
5125.69954,01323.87126
5125.69882,01323.87164
5125.69821,01323.87229
5125.69763,01323.87260
5125.69708,01323.87286
5125.69642,01323.87324
5125.69578,01323.87378
5125.69514,01323.87426
5125.69456,01323.87497
5125.69400,01323.87542
5125.69334,01323.87605
5125.69282,01323.87669
5125.69240,01323.87723
5125.69174,01323.87745
5125.69085,01323.87780
5125.68992,01323.87804
5125.68922,01323.87829
5125.68870,01323.87864
5125.68788,01323.87909
5125.68726,01323.87958
5125.68656,01323.88006
5125.68606,01323.88056
5125.68541,01323.88075
5125.68487,01323.88116
5125.68427,01323.88157
5125.68354,01323.88201
5125.68289,01323.88251
5125.68181,01323.88282
5125.68082,01323.88309
5125.68038,01323.88341
5125.67970,01323.88380
5125.67927,01323.88447
5125.67876,01323.88494
5125.67773,01323.88502
5125.67692,01323.88526
5125.67646,01323.88574
5125.67562,01323.88597
5125.67484,01323.88630
5125.67417,01323.88669
5125.67344,01323.88716
5125.67291,01323.88767
5125.67221,01323.88826
5125.67122,01323.88861
5125.67043,01323.88903
5125.66966,01323.88944
5125.66901,01323.89006
5125.66820,01323.89049
5125.66723,01323.89066
5125.66611,01323.89026
5125.66505,01323.89032
5125.66437,01323.89074
5125.66377,01323.89101
5125.66291,01323.89144
5125.66227,01323.89184
5125.66164,01323.89218
5125.66089,01323.89242
5125.65978,01323.89260
5125.65908,01323.89280
5125.65820,01323.89287
5125.65719,01323.89322
5125.65637,01323.89347
5125.65563,01323.89376
5125.65469,01323.89410
5125.65387,01323.89438
5125.65312,01323.89479
5125.65247,01323.89500
5125.65167,01323.89524
5125.65071,01323.89539
5125.64968,01323.89551
5125.64843,01323.89528
5125.64758,01323.89535
5125.64690,01323.89566
5125.64605,01323.89596
5125.64518,01323.89598
5125.64444,01323.89588
5125.64367,01323.89569
5125.64281,01323.89549
5125.64163,01323.89516
5125.64086,01323.89508
5125.64016,01323.89514
5125.63927,01323.89506
5125.63858,01323.89542
5125.63787,01323.89536
5125.63714,01323.89533
5125.63645,01323.89518
5125.63544,01323.89488
5125.63452,01323.89451
5125.63367,01323.89443
5125.63290,01323.89424
5125.63206,01323.89412
5125.63124,01323.89408
5125.63033,01323.89419
5125.62954,01323.89403
5125.62872,01323.89377
5125.62791,01323.89377
5125.62703,01323.89361
5125.62631,01323.89331
5125.62530,01323.89271
5125.62437,01323.89225
5125.62328,01323.89187
5125.62235,01323.89177
5125.62136,01323.89145
5125.62044,01323.89137
5125.61978,01323.89149
5125.61909,01323.89136
5125.61831,01323.89099
5125.61762,01323.89056
5125.61677,01323.88990
5125.61596,01323.88948
5125.61509,01323.88913
5125.61436,01323.88881
5125.61315,01323.88824
5125.61239,01323.88754
5125.61138,01323.88707
5125.61033,01323.88663
5125.60947,01323.88624
5125.60836,01323.88566
5125.60742,01323.88513
5125.60658,01323.88469
5125.60574,01323.88445
5125.60477,01323.88426
5125.60374,01323.88391
5125.60295,01323.88383
5125.60204,01323.88391
5125.60102,01323.88381
5125.60001,01323.88351
5125.59921,01323.88314
5125.59837,01323.88273
5125.59756,01323.88242
5125.59671,01323.88206
5125.59603,01323.88206
5125.59518,01323.88186
5125.59438,01323.88169
5125.59337,01323.88166
5125.59263,01323.88162
5125.59190,01323.88142
5125.59131,01323.88101
5125.59043,01323.88038
5125.58956,01323.88012
5125.58875,01323.87978
5125.58797,01323.87930
5125.58699,01323.87887
5125.58605,01323.87871
5125.58500,01323.87844
5125.58403,01323.87803
5125.58319,01323.87768
5125.58226,01323.87725
5125.58127,01323.87662
5125.58038,01323.87611
5125.57950,01323.87567
5125.57855,01323.87540
5125.57773,01323.87531
5125.57679,01323.87502
5125.57602,01323.87466
5125.57526,01323.87428
5125.57442,01323.87391
5125.57368,01323.87370
5125.57302,01323.87344
5125.57229,01323.87309
5125.57164,01323.87300
5125.57083,01323.87308
5125.57006,01323.87315
5125.56926,01323.87302
5125.56843,01323.87275
5125.56756,01323.87229
5125.56675,01323.87190
5125.56602,01323.87163
5125.56522,01323.87141
5125.56452,01323.87135
5125.56381,01323.87151
5125.56296,01323.87150
5125.56215,01323.87115
5125.56135,01323.87079
5125.56049,01323.87044
5125.55947,01323.87009
5125.55859,01323.86979
5125.55776,01323.86957
5125.55682,01323.86929
5125.55607,01323.86920
5125.55534,01323.86917
5125.55454,01323.86895
5125.55367,01323.86857
5125.55258,01323.86840
5125.55160,01323.86807
5125.55069,01323.86764
5125.54984,01323.86732
5125.54901,01323.86707
5125.54823,01323.86693
5125.54747,01323.86678
5125.54655,01323.86657
5125.54580,01323.86625
5125.54511,01323.86605
5125.54437,01323.86609
5125.54358,01323.86596
5125.54291,01323.86564
5125.54232,01323.86549
5125.54181,01323.86549
5125.54083,01323.86520
5125.54016,01323.86509
5125.53952,01323.86483
5125.53876,01323.86455
5125.53806,01323.86442
5125.53728,01323.86425
5125.53648,01323.86398
5125.53568,01323.86365
5125.53501,01323.86362
5125.53416,01323.86367
5125.53359,01323.86402
5125.53301,01323.86406
5125.53239,01323.86397
5125.53159,01323.86366
5125.53088,01323.86333
5125.53021,01323.86331
5125.52960,01323.86327
5125.52883,01323.86305
5125.52829,01323.86300
5125.52756,01323.86276
5125.52693,01323.86253
5125.52614,01323.86231
5125.52537,01323.86208
5125.52459,01323.86186
5125.52381,01323.86171
5125.52288,01323.86155
5125.52199,01323.86120
5125.52125,01323.86095
5125.52050,01323.86068
5125.51961,01323.86037
5125.51867,01323.86008
5125.51783,01323.85976
5125.51707,01323.85945
5125.51621,01323.85918
5125.51530,01323.85906
5125.51451,01323.85887
5125.51375,01323.85865
5125.51298,01323.85825
5125.51229,01323.85799
5125.51139,01323.85765
5125.51053,01323.85726
5125.50976,01323.85696
5125.50889,01323.85669
5125.50819,01323.85657
5125.50743,01323.85645
5125.50674,01323.85618
5125.50598,01323.85595
5125.50518,01323.85570
5125.50415,01323.85529
5125.50334,01323.85503
5125.50257,01323.85481
5125.50175,01323.85449
5125.50088,01323.85422
5125.50003,01323.85388
5125.49919,01323.85362
5125.49827,01323.85322
5125.49733,01323.85285
5125.49634,01323.85249
5125.49538,01323.85222
5125.49449,01323.85191
5125.49352,01323.85152
5125.49259,01323.85108
5125.49188,01323.85121
5125.49109,01323.85093
5125.49023,01323.85048
5125.48932,01323.85004
5125.48845,01323.84994
5125.48775,01323.84992
5125.48688,01323.84986
5125.48606,01323.84972
5125.48514,01323.84931
5125.48443,01323.84906
5125.48362,01323.84867
5125.48274,01323.84825
5125.48189,01323.84798
5125.48106,01323.84767
5125.48035,01323.84738
5125.47965,01323.84711
5125.47898,01323.84695
5125.47834,01323.84683
5125.47766,01323.84654
5125.47688,01323.84625
5125.47597,01323.84600
5125.47511,01323.84587
5125.47419,01323.84560
5125.47333,01323.84534
5125.47265,01323.84537
5125.47174,01323.84509
5125.47087,01323.84480
5125.47004,01323.84469
5125.46923,01323.84444
5125.46843,01323.84404
5125.46760,01323.84370
5125.46674,01323.84334
5125.46591,01323.84303
5125.46507,01323.84270
5125.46423,01323.84261
5125.46321,01323.84230
5125.46225,01323.84202
5125.46158,01323.84219
5125.46082,01323.84195
5125.46020,01323.84174
5125.45944,01323.84134
5125.45872,01323.84102
5125.45794,01323.84078
5125.45703,01323.84037
5125.45636,01323.84028
5125.45587,01323.84044
5125.45509,01323.84024
5125.45446,01323.84015
5125.45380,01323.83991
5125.45306,01323.83951
5125.45214,01323.83910
5125.45128,01323.83881
5125.45040,01323.83848
5125.44957,01323.83819
5125.44872,01323.83808
5125.44796,01323.83798
5125.44714,01323.83768
5125.44628,01323.83734
5125.44551,01323.83707
5125.44470,01323.83680
5125.44383,01323.83647
5125.44295,01323.83616
5125.44202,01323.83592
5125.44121,01323.83577
5125.44043,01323.83551
5125.43973,01323.83542
5125.43902,01323.83516
5125.43842,01323.83488
5125.43783,01323.83473
5125.43722,01323.83453
5125.43650,01323.83441
5125.43565,01323.83405
5125.43493,01323.83391
5125.43416,01323.83377
5125.43335,01323.83338
5125.43278,01323.83334
5125.43195,01323.83312
5125.43113,01323.83266
5125.43046,01323.83225
5125.42979,01323.83208
5125.42906,01323.83178
5125.42821,01323.83127
5125.42743,01323.83109
5125.42662,01323.83106
5125.42576,01323.83070
5125.42482,01323.83015
5125.42409,01323.82988
5125.42332,01323.82963
5125.42249,01323.82936
5125.42161,01323.82908
5125.42090,01323.82896
5125.42034,01323.82932
5125.41964,01323.82919
5125.41878,01323.82895
5125.41793,01323.82868
5125.41719,01323.82836
5125.41646,01323.82821
5125.41555,01323.82787
5125.41469,01323.82759
5125.41386,01323.82698
5125.41320,01323.82679
5125.41237,01323.82645
5125.41167,01323.82621
5125.41103,01323.82594
5125.41040,01323.82574
5125.40965,01323.82556
5125.40897,01323.82548
5125.40823,01323.82527
5125.40742,01323.82511
5125.40667,01323.82493
5125.40602,01323.82471
5125.40528,01323.82438
5125.40455,01323.82418
5125.40376,01323.82389
5125.40303,01323.82374
5125.40226,01323.82351
5125.40156,01323.82334
5125.40077,01323.82325
5125.39981,01323.82309
5125.39893,01323.82284
5125.39816,01323.82255
5125.39735,01323.82205
5125.39652,01323.82179
5125.39572,01323.82161
5125.39493,01323.82130
5125.39422,01323.82100
5125.39356,01323.82083
5125.39281,01323.82058
5125.39207,01323.82051
5125.39138,01323.82023
5125.39082,01323.82011
5125.39009,01323.81976
5125.38935,01323.81943
5125.38877,01323.81931
5125.38798,01323.81913
5125.38748,01323.81988
5125.38670,01323.81993
5125.38585,01323.81971
5125.38496,01323.81930
5125.38416,01323.81896
5125.38341,01323.81865
5125.38254,01323.81809
5125.38166,01323.81772
5125.38079,01323.81751
5125.37999,01323.81768
5125.37914,01323.81741
5125.37825,01323.81698
5125.37744,01323.81646
5125.37661,01323.81613
5125.37583,01323.81598
5125.37508,01323.81584
5125.37427,01323.81577
5125.37352,01323.81541
5125.37263,01323.81516
5125.37182,01323.81499
5125.37101,01323.81434
5125.37022,01323.81390
5125.36935,01323.81352
5125.36841,01323.81303
5125.36751,01323.81252
5125.36670,01323.81213
5125.36601,01323.81193
5125.36536,01323.81192
5125.36460,01323.81173
5125.36387,01323.81163
5125.36327,01323.81159
5125.36260,01323.81130
5125.36184,01323.81113
5125.36103,01323.81087
5125.36035,01323.81085
5125.35950,01323.81046
5125.35869,01323.81018
5125.35788,01323.80989
5125.35718,01323.80978
5125.35648,01323.80965
5125.35584,01323.80945
5125.35503,01323.80906
5125.35432,01323.80878
5125.35352,01323.80854
5125.35270,01323.80814
5125.35207,01323.80785
5125.35150,01323.80742
5125.35096,01323.80708
5125.35047,01323.80671
5125.35011,01323.80652
5125.34979,01323.80631
5125.34960,01323.80618
5125.34934,01323.80590
5125.34910,01323.80576
5125.34875,01323.80567
5125.34826,01323.80573
5125.34763,01323.80577
5125.34708,01323.80591
5125.34640,01323.80591
5125.34571,01323.80600
5125.34517,01323.80609
5125.34463,01323.80609
5125.34404,01323.80590
5125.34358,01323.80569
5125.34290,01323.80576
5125.34205,01323.80558
5125.34138,01323.80578
5125.34078,01323.80599
5125.34010,01323.80585
5125.33941,01323.80553
5125.33875,01323.80523
5125.33798,01323.80485
5125.33713,01323.80406
5125.33648,01323.80380
5125.33576,01323.80350
5125.33497,01323.80324
5125.33431,01323.80297
5125.33362,01323.80275
5125.33283,01323.80252
5125.33209,01323.80218
5125.33134,01323.80187
5125.33057,01323.80142
5125.32987,01323.80126
5125.32906,01323.80099
5125.32820,01323.80084
5125.32749,01323.80078
5125.32668,01323.80058
5125.32599,01323.80028
5125.32528,01323.80001
5125.32453,01323.79967
5125.32369,01323.79922
5125.32296,01323.79905
5125.32219,01323.79886
5125.32148,01323.79876
5125.32072,01323.79851
5125.31991,01323.79814
5125.31916,01323.79781
5125.31849,01323.79776
5125.31776,01323.79795
5125.31697,01323.79788
5125.31616,01323.79759
5125.31552,01323.79750
5125.31467,01323.79738
5125.31371,01323.79740
5125.31282,01323.79727
5125.31200,01323.79699
5125.31135,01323.79683
5125.31065,01323.79655
5125.30988,01323.79622
5125.30915,01323.79592
5125.30836,01323.79570
5125.30777,01323.79589
5125.30687,01323.79572
5125.30619,01323.79556
5125.30545,01323.79522
5125.30468,01323.79508
5125.30394,01323.79470
5125.30325,01323.79451
5125.30252,01323.79437
5125.30192,01323.79418
5125.30124,01323.79403
5125.30071,01323.79407
5125.30001,01323.79427
5125.29926,01323.79423
5125.29870,01323.79407
5125.29789,01323.79373
5125.29736,01323.79331
5125.29641,01323.79268
5125.29543,01323.79184
5125.29458,01323.79156
5125.29383,01323.79128
5125.29302,01323.79106
5125.29215,01323.79088
5125.29110,01323.79045
5125.29023,01323.79018
5125.28924,01323.78968
5125.28835,01323.78941
5125.28742,01323.78911
5125.28651,01323.78880
5125.28561,01323.78847
5125.28468,01323.78821
5125.28386,01323.78812
5125.28305,01323.78789
5125.28231,01323.78769
5125.28153,01323.78773
5125.28073,01323.78771
5125.27984,01323.78743
5125.27894,01323.78715
5125.27814,01323.78703
5125.27727,01323.78700
5125.27652,01323.78691
5125.27558,01323.78673
5125.27476,01323.78650
5125.27397,01323.78615
5125.27307,01323.78578
5125.27229,01323.78571
5125.27149,01323.78541
5125.27066,01323.78506
5125.26995,01323.78484
5125.26910,01323.78460
5125.26826,01323.78436
5125.26750,01323.78403
5125.26699,01323.78383
5125.26641,01323.78387
5125.26559,01323.78371
5125.26466,01323.78325
5125.26408,01323.78309
5125.26341,01323.78303
5125.26271,01323.78298
5125.26177,01323.78214
5125.26099,01323.78163
5125.26016,01323.78149
5125.25927,01323.78119
5125.25842,01323.78094
5125.25758,01323.78087
5125.25670,01323.78064
5125.25588,01323.78021
5125.25507,01323.78012
5125.25420,01323.77994
5125.25328,01323.77969
5125.25249,01323.77936
5125.25169,01323.77904
5125.25091,01323.77874
5125.24999,01323.77846
5125.24916,01323.77821
5125.24840,01323.77812
5125.24757,01323.77816
5125.24686,01323.77816
5125.24611,01323.77784
5125.24525,01323.77732
5125.24444,01323.77706
5125.24364,01323.77674
5125.24306,01323.77702
5125.24220,01323.77679
5125.24155,01323.77661
5125.24079,01323.77645
5125.24004,01323.77631
5125.23923,01323.77605
5125.23845,01323.77569
5125.23763,01323.77533
5125.23686,01323.77509
5125.23592,01323.77449
5125.23512,01323.77452
5125.23416,01323.77416
5125.23332,01323.77391
5125.23253,01323.77386
5125.23167,01323.77371
5125.23084,01323.77361
5125.22992,01323.77330
5125.22921,01323.77316
5125.22861,01323.77312
5125.22791,01323.77313
5125.22705,01323.77301
5125.22625,01323.77300
5125.22545,01323.77295
5125.22484,01323.77311
5125.22417,01323.77299
5125.22354,01323.77269
5125.22290,01323.77233
5125.22211,01323.77201
5125.22134,01323.77191
5125.22068,01323.77181
5125.21989,01323.77177
5125.21923,01323.77174
5125.21858,01323.77198
5125.21791,01323.77205
5125.21709,01323.77165
5125.21640,01323.77144
5125.21558,01323.77096
5125.21482,01323.77067
5125.21390,01323.77047
5125.21312,01323.77035
5125.21250,01323.77036
5125.21175,01323.77033
5125.21108,01323.77040
5125.21023,01323.77009
5125.20951,01323.76997
5125.20869,01323.76966
5125.20789,01323.76926
5125.20709,01323.76906
5125.20630,01323.76900
5125.20557,01323.76903
5125.20483,01323.76861
5125.20398,01323.76822
5125.20314,01323.76755
5125.20238,01323.76703
5125.20162,01323.76670
5125.20092,01323.76656
5125.20013,01323.76629
5125.19945,01323.76612
5125.19878,01323.76600
5125.19806,01323.76582
5125.19759,01323.76581
5125.19691,01323.76530
5125.19630,01323.76500
5125.19566,01323.76487
5125.19492,01323.76464
5125.19405,01323.76414
5125.19324,01323.76360
5125.19262,01323.76357
5125.19198,01323.76356
5125.19122,01323.76317
5125.19050,01323.76287
5125.18979,01323.76257
5125.18902,01323.76231
5125.18826,01323.76191
5125.18746,01323.76157
5125.18668,01323.76129
5125.18607,01323.76125
5125.18539,01323.76093
5125.18467,01323.76065
5125.18400,01323.76042
5125.18327,01323.76024
5125.18263,01323.75996
5125.18177,01323.75958
5125.18131,01323.76073
5125.18058,01323.76066
5125.17985,01323.76041
5125.17917,01323.76021
5125.17851,01323.75986
5125.17774,01323.75958
5125.17695,01323.75941
5125.17606,01323.75889
5125.17524,01323.75838
5125.17455,01323.75784
5125.17361,01323.75727
5125.17273,01323.75675
5125.17187,01323.75632
5125.17094,01323.75561
5125.16998,01323.75512
5125.16898,01323.75452
5125.16810,01323.75420
5125.16724,01323.75400
5125.16643,01323.75370
5125.16558,01323.75337
5125.16486,01323.75304
5125.16423,01323.75280
5125.16340,01323.75248
5125.16263,01323.75211
5125.16193,01323.75185
5125.16129,01323.75153
5125.16069,01323.75142
5125.15976,01323.75127
5125.15909,01323.75111
5125.15851,01323.75093
5125.15769,01323.75036
5125.15687,01323.75007
5125.15619,01323.74995
5125.15547,01323.74975
5125.15479,01323.74900
5125.15414,01323.74872
5125.15353,01323.74881
5125.15286,01323.74874
5125.15216,01323.74869
5125.15167,01323.74941
5125.15102,01323.74952
5125.15028,01323.74930
5125.14936,01323.74928
5125.14881,01323.74931
5125.14814,01323.74920
5125.14743,01323.74890
5125.14656,01323.74857
5125.14569,01323.74815
5125.14477,01323.74757
5125.14400,01323.74697
5125.14326,01323.74625
5125.14229,01323.74566
5125.14145,01323.74520
5125.14084,01323.74482
5125.14007,01323.74450
5125.13925,01323.74410
5125.13852,01323.74355
5125.13790,01323.74283
5125.13737,01323.74213
5125.13675,01323.74148
5125.13596,01323.74057
5125.13515,01323.73971
5125.13439,01323.73880
5125.13362,01323.73802
5125.13277,01323.73694
5125.13188,01323.73578
5125.13127,01323.73459
5125.13099,01323.73362
5125.13017,01323.73218
5125.12937,01323.73090
5125.12890,01323.72973
5125.12851,01323.72852
5125.12818,01323.72734
5125.12785,01323.72636
5125.12738,01323.72537
5125.12718,01323.72440
5125.12695,01323.72325
5125.12669,01323.72219
5125.12646,01323.72119
5125.12623,01323.72017
5125.12599,01323.71911
5125.12607,01323.71816
5125.12586,01323.71694
5125.12534,01323.71535
5125.12498,01323.71377
5125.12463,01323.71307
5125.12414,01323.71203
5125.12364,01323.71110
5125.12303,01323.71037
5125.12256,01323.70946
5125.12210,01323.70848
5125.12163,01323.70754
5125.12122,01323.70649
5125.12080,01323.70537
5125.12035,01323.70452
5125.11998,01323.70352
5125.11957,01323.70239
5125.11930,01323.70117
5125.11900,01323.70013
5125.11872,01323.69913
5125.11853,01323.69789
5125.11824,01323.69715
5125.11788,01323.69605
5125.11761,01323.69491
5125.11727,01323.69399
5125.11675,01323.69328
5125.11641,01323.69213
5125.11610,01323.69101
5125.11582,01323.69012
5125.11559,01323.68920
5125.11547,01323.68811
5125.11529,01323.68713
5125.11496,01323.68627
5125.11469,01323.68546
5125.11450,01323.68466
5125.11419,01323.68350
5125.11389,01323.68206
5125.11363,01323.68066
5125.11343,01323.67950
5125.11318,01323.67833
5125.11292,01323.67704
5125.11261,01323.67585
5125.11241,01323.67468
5125.11220,01323.67421
5125.11197,01323.67337
5125.11175,01323.67248
5125.11148,01323.67162
5125.11150,01323.67105
5125.11128,01323.66999
5125.11115,01323.66880
5125.11107,01323.66768
5125.11089,01323.66647
5125.11046,01323.66545
5125.10997,01323.66440
5125.10955,01323.66327
5125.10909,01323.66248
5125.10855,01323.66169
5125.10807,01323.66134
5125.10761,01323.66054
5125.10723,01323.65970
5125.10685,01323.65844
5125.10626,01323.65723
5125.10582,01323.65619
5125.10530,01323.65495
5125.10484,01323.65385
5125.10449,01323.65329
5125.10415,01323.65202
5125.10389,01323.65101
5125.10371,01323.64974
5125.10333,01323.64849
5125.10305,01323.64737
5125.10278,01323.64598
5125.10247,01323.64486
5125.10212,01323.64386
5125.10177,01323.64310
5125.10151,01323.64226
5125.10127,01323.64130
5125.10104,01323.64025
5125.10067,01323.63868
5125.10041,01323.63696
5125.10022,01323.63517
5125.10002,01323.63389
5125.09994,01323.63263
5125.09982,01323.63145
5125.09953,01323.62994
5125.09932,01323.62878
5125.09939,01323.62764
5125.09954,01323.62646
5125.09978,01323.62555
5125.10011,01323.62494
5125.10058,01323.62391
5125.10094,01323.62263
5125.10124,01323.62113
5125.10124,01323.61981
5125.10122,01323.61781
5125.10109,01323.61615
5125.10110,01323.61469
5125.10127,01323.61358
5125.10140,01323.61240
5125.10139,01323.61158
5125.10146,01323.61041
5125.10129,01323.60957
5125.10134,01323.60863
5125.10139,01323.60756
5125.10149,01323.60644
5125.10149,01323.60591
5125.10147,01323.60494
5125.10159,01323.60355
5125.10162,01323.60227
5125.10162,01323.60115
5125.10175,01323.60031
5125.10181,01323.59936
5125.10196,01323.59834
5125.10212,01323.59686
5125.10226,01323.59592
5125.10235,01323.59511
5125.10251,01323.59436
5125.10265,01323.59354
5125.10274,01323.59251
5125.10287,01323.59176
5125.10292,01323.59089
5125.10293,01323.59031
5125.10295,01323.58905
5125.10322,01323.58816
5125.10355,01323.58704
5125.10368,01323.58614
5125.10374,01323.58502
5125.10388,01323.58347
5125.10388,01323.58253
5125.10397,01323.58162
5125.10385,01323.58083
5125.10377,01323.57898
5125.10383,01323.57758
5125.10389,01323.57563
5125.10382,01323.57414
5125.10382,01323.57277
5125.10391,01323.57178
5125.10402,01323.57089
5125.10415,01323.56915
5125.10429,01323.56753
5125.10454,01323.56537
5125.10478,01323.56338
5125.10503,01323.56167
5125.10534,01323.56005
5125.10578,01323.55830
5125.10625,01323.55743
5125.10668,01323.55689
5125.10740,01323.55524
5125.10791,01323.55422
5125.10860,01323.55271
5125.10931,01323.55176
5125.11006,01323.55097
5125.11061,01323.55035
5125.11102,01323.54999
5125.11161,01323.54921
5125.11230,01323.54793
5125.11283,01323.54699
5125.11329,01323.54646
5125.11373,01323.54588
5125.11409,01323.54548
5125.11441,01323.54526
5125.11502,01323.54437
5125.11521,01323.54377
5125.11581,01323.54272
5125.11678,01323.54146
5125.11731,01323.54072
5125.11784,01323.53979
5125.11858,01323.53872
5125.11918,01323.53784
5125.11972,01323.53728
5125.12068,01323.53685
5125.12149,01323.53625
5125.12221,01323.53555
5125.12270,01323.53511
5125.12324,01323.53454
5125.12365,01323.53393
5125.12417,01323.53359
5125.12483,01323.53299
5125.12545,01323.53238
5125.12613,01323.53201
5125.12666,01323.53199
5125.12709,01323.53160
5125.12765,01323.53066
5125.12809,01323.52985
5125.12850,01323.52952
5125.12912,01323.52863
5125.12968,01323.52789
5125.13011,01323.52740
5125.13072,01323.52673
5125.13153,01323.52591
5125.13222,01323.52533
5125.13287,01323.52480
5125.13371,01323.52373
5125.13458,01323.52304
5125.13540,01323.52222
5125.13613,01323.52149
5125.13697,01323.52062
5125.13758,01323.52004
5125.13811,01323.51929
5125.13894,01323.51836
5125.13951,01323.51759
5125.14001,01323.51702
5125.14065,01323.51619
5125.14108,01323.51539
5125.14159,01323.51477
5125.14212,01323.51417
5125.14250,01323.51396
5125.14291,01323.51360
5125.14356,01323.51315
5125.14416,01323.51233
5125.14472,01323.51147
5125.14537,01323.51061
5125.14578,01323.51032
5125.14635,01323.50969
5125.14677,01323.50909
5125.14791,01323.50805
5125.14866,01323.50737
5125.14950,01323.50685
5125.15048,01323.50620
5125.15149,01323.50575
5125.15235,01323.50536
5125.15299,01323.50502
5125.15334,01323.50466
5125.15399,01323.50388
5125.15471,01323.50250
5125.15519,01323.50164
5125.15567,01323.50086
5125.15632,01323.49983
5125.15703,01323.49883
5125.15799,01323.49756
5125.15883,01323.49674
5125.15950,01323.49637
5125.16016,01323.49608
5125.16105,01323.49548
5125.16206,01323.49501
5125.16301,01323.49496
5125.16377,01323.49487
5125.16445,01323.49422
5125.16538,01323.49314
5125.16602,01323.49273
5125.16670,01323.49228
5125.16735,01323.49183
5125.16798,01323.49144
5125.16869,01323.49068
5125.16918,01323.49025
5125.16990,01323.48953
5125.17052,01323.48912
5125.17122,01323.48862
5125.17180,01323.48804
5125.17228,01323.48766
5125.17296,01323.48692
5125.17362,01323.48610
5125.17413,01323.48571
5125.17464,01323.48512
5125.17524,01323.48456
5125.17588,01323.48415
5125.17664,01323.48373
5125.17773,01323.48296
5125.17836,01323.48242
5125.17899,01323.48178
5125.17966,01323.48110
5125.18030,01323.48049
5125.18094,01323.47987
5125.18137,01323.47934
5125.18184,01323.47886
5125.18254,01323.47862
5125.18339,01323.47829
5125.18420,01323.47770
5125.18481,01323.47715
5125.18555,01323.47644
5125.18635,01323.47560
5125.18728,01323.47473
5125.18792,01323.47438
5125.18847,01323.47433
5125.18930,01323.47338
5125.18991,01323.47277
5125.19050,01323.47221
5125.19133,01323.47140
5125.19191,01323.47087
5125.19248,01323.47018
5125.19319,01323.46909
5125.19393,01323.46830
5125.19467,01323.46756
5125.19528,01323.46725
5125.19587,01323.46664
5125.19641,01323.46595
5125.19708,01323.46547
5125.19747,01323.46514
5125.19808,01323.46456
5125.19883,01323.46380
5125.19934,01323.46337
5125.20004,01323.46279
5125.20048,01323.46207
5125.20110,01323.46154
5125.20166,01323.46094
5125.20215,01323.46050
5125.20282,01323.45995
5125.20352,01323.45940
5125.20427,01323.45864
5125.20497,01323.45847
5125.20587,01323.45765
5125.20677,01323.45712
5125.20738,01323.45643
5125.20815,01323.45586
5125.20910,01323.45535
5125.21006,01323.45467
5125.21076,01323.45418
5125.21144,01323.45357
5125.21219,01323.45292
5125.21300,01323.45232
5125.21381,01323.45161
5125.21460,01323.45054
5125.21547,01323.44950
5125.21644,01323.44879
5125.21727,01323.44816
5125.21824,01323.44746
5125.21918,01323.44674
5125.21995,01323.44596
5125.22061,01323.44557
5125.22119,01323.44520
5125.22190,01323.44478
5125.22261,01323.44419
5125.22403,01323.44352
5125.22470,01323.44302
5125.22553,01323.44268
5125.22637,01323.44291
5125.22677,01323.44284
5125.22753,01323.44286
5125.22798,01323.44281
5125.22820,01323.44239
5125.22852,01323.44232
5125.22855,01323.44199
5125.22866,01323.44197
5125.22884,01323.44165
5125.22916,01323.44144
5125.22935,01323.44064
5125.22974,01323.43995
5125.22979,01323.43950
5125.22984,01323.43891
5125.23016,01323.43833
5125.23012,01323.43811
5125.23020,01323.43811
5125.23027,01323.43786
5125.23037,01323.43769
5125.23056,01323.43779
5125.23052,01323.43827
5125.23114,01323.43870
5125.23150,01323.44040
5125.23164,01323.44215
5125.23179,01323.44244
5125.23190,01323.44328
5125.23090,01323.44372
5125.23098,01323.44418
5125.23074,01323.44409
5125.23087,01323.44399
5125.23032,01323.44370
5125.22983,01323.44430
5125.22907,01323.44509
5125.22822,01323.44491
5125.22808,01323.44474
5125.22804,01323.44515
5125.22787,01323.44535
5125.22820,01323.44521
5125.22837,01323.44539
5125.22905,01323.44580
5125.23017,01323.44581
5125.23108,01323.44549
5125.23122,01323.44502
5125.23110,01323.44377
5125.23187,01323.44264
5125.23196,01323.44260
5125.23245,01323.44114
5125.23403,01323.43875
5125.23430,01323.43769
5125.23496,01323.43685
5125.23542,01323.43583
5125.23549,01323.43531
5125.23531,01323.43548
5125.23545,01323.43551
5125.23582,01323.43591
5125.23589,01323.43599
5125.23597,01323.43508
5125.23622,01323.43394
5125.23653,01323.43290
5125.23678,01323.43199
5125.23639,01323.43122
5125.23603,01323.43072
5125.23514,01323.42986
5125.23474,01323.42960
5125.23454,01323.42890
5125.23454,01323.42865
5125.23411,01323.42923
5125.23377,01323.42950
5125.23381,01323.43053
5125.23404,01323.43112
5125.23411,01323.43125
5125.23399,01323.43089
5125.23390,01323.43034
5125.23374,01323.42989
5125.23397,01323.42936
5125.23371,01323.42878
5125.23361,01323.42882
5125.23345,01323.42878
5125.23299,01323.42892
5125.23238,01323.42973
5125.23166,01323.42947
5125.23178,01323.42890
5125.23241,01323.42995
5125.23301,01323.43031
5125.23370,01323.43043
5125.23667,01323.42792
5125.23820,01323.42460
5125.23999,01323.41417
5125.24220,01323.40586
5125.24346,01323.39597
5125.24500,01323.38863
5125.24191,01323.37528
5125.23966,01323.36243
5125.23828,01323.35247
5125.23760,01323.33669
5125.23748,01323.32050
5125.23872,01323.30274
5125.23947,01323.28450
5125.24838,01323.25175
,
,
,
,
,
,
,
,
,
,
,
,
,
,
,
,
,
,
,
,
,
5125.27349,01323.37255
5125.26449,01323.38623
5125.25640,01323.39937
5125.25054,01323.40792
5125.24662,01323.41515
5125.24433,01323.41921
5125.24351,01323.42245
5125.24310,01323.42389
5125.24204,01323.42579
5125.24103,01323.42734
5125.24001,01323.42836
5125.23926,01323.42918
5125.23893,01323.42949
5125.23881,01323.43020
5125.23859,01323.43075
5125.23852,01323.43115
5125.23832,01323.43146
5125.23811,01323.43175
5125.23793,01323.43188
5125.23780,01323.43189
5125.23771,01323.43196
5125.23764,01323.43210
5125.23760,01323.43221
5125.23757,01323.43223
5125.23755,01323.43213
5125.23768,01323.43205
5125.23765,01323.43148
5125.23770,01323.43107
5125.23759,01323.43094
5125.23774,01323.43075
5125.23765,01323.43028
5125.23776,01323.43007
5125.23782,01323.43002
5125.23777,01323.43009
5125.23798,01323.43006
5125.23808,01323.43005
5125.23814,01323.43001
5125.23831,01323.43008
5125.23842,01323.43009
5125.23849,01323.43006
